47.695,0.113,0.728,0.000,1,2473,1
65.006,0.109,0.477,0.000,2,2473,2
68.024,0.105,0.475,0.000,3,2473,3
69.020,0.105,0.444,0.000,4,2473,4
74.008,0.108,0.446,0.000,5,2473,5
85.013,0.106,0.504,0.000,6,2473,6
86.011,-1.000,0.218,0.000,6,1644,2
88.007,0.106,0.475,0.000,7,2473,7
90.013,0.105,0.445,0.000,8,2473,8
93.014,0.106,0.446,0.000,9,2473,9
106.014,0.109,0.445,0.000,10,2473,10
107.010,0.105,0.445,0.000,11,2473,11
109.999,-1.000,0.218,0.000,11,1644,6
118.017,0.106,0.445,0.000,12,2473,12
121.000,0.105,0.456,0.000,13,2473,13
122.006,0.105,0.445,0.000,14,2473,14
123.001,0.105,0.444,0.000,15,2473,15
123.992,0.106,0.445,0.000,16,2473,16
130.003,0.105,0.445,0.000,17,2473,17
132.014,0.125,0.458,0.000,19,2473,18
132.014,0.169,0.772,0.000,19,2473,19
164.000,0.121,0.453,0.000,20,2473,20
176.993,0.111,0.447,0.000,21,2473,21
180.990,-1.000,0.198,0.000,21,2320,20
187.014,0.106,0.446,0.000,22,2473,22
197.004,0.106,0.445,0.000,23,2473,23
203.000,0.106,0.446,0.000,24,2473,24
212.992,0.107,0.445,0.000,25,2473,25
215.000,0.106,0.446,0.000,26,2473,26
215.992,0.106,0.450,0.000,27,2473,27
220.998,0.104,0.456,0.000,28,2473,28
222.000,0.105,0.445,0.000,29,2473,29
236.988,0.106,0.447,0.000,30,2473,30
249.003,0.107,0.445,0.000,31,2473,31
251.006,0.105,0.457,0.000,32,2473,32
251.983,0.105,0.445,0.000,33,2473,33
269.982,0.117,0.458,0.000,35,2473,34
269.982,0.161,0.772,0.000,35,2473,35
273.003,-1.000,0.219,0.000,35,1644,34
285.991,0.106,0.445,0.000,36,2473,36
289.007,0.105,0.445,0.000,37,2473,37
295.005,0.107,0.446,0.000,38,2473,38
296.981,0.105,0.445,0.000,39,2473,39
298.985,0.105,0.445,0.000,40,2473,40
302.996,0.106,0.447,0.000,41,2473,41
307.979,0.109,0.445,0.000,42,2473,42
319.985,-1.000,0.221,0.000,42,1644,8
340.994,0.106,0.461,0.000,43,2473,43
344.000,0.106,0.445,0.000,44,2473,44
358.978,-1.000,0.219,0.000,44,1644,32
371.989,0.107,0.956,0.000,45,2473,45
370.983,-1.000,5.743,0.054,45,5763,32
381.975,0.107,0.504,0.000,46,2473,46
383.978,0.105,0.446,0.000,47,2473,47
390.994,0.106,0.456,0.000,48,2473,48
412.988,0.106,0.446,0.000,49,2473,49
420.981,-1.000,0.231,0.000,49,2320,9
428.975,0.110,0.446,0.000,50,2473,50
436.998,0.106,0.446,0.000,51,2473,51
445.970,-1.000,0.222,0.000,52,1644,39
445.970,0.113,0.440,0.000,52,2473,52
454.991,-1.000,0.220,0.000,52,1644,11
456.991,0.107,0.447,0.000,53,2473,53
475.970,-1.000,0.221,0.000,53,2320,5
480.967,-1.000,0.190,0.000,53,1644,50
482.977,-1.000,0.219,0.000,53,1644,47
486.990,0.106,0.446,0.000,54,2473,54
497.964,-1.000,0.219,0.000,54,1644,5
498.980,-1.000,0.218,0.000,54,1644,46
500.981,0.106,0.457,0.000,55,2473,55
502.966,0.105,0.446,0.000,56,2473,56
514.982,0.105,0.447,0.000,57,2473,57
517.967,-1.000,0.219,0.000,57,1644,43
519.969,0.105,0.450,0.000,58,2473,58
524.983,-1.000,0.219,0.000,58,1644,51
531.972,-1.000,0.250,0.000,58,1923,20
538.970,0.105,0.504,0.000,59,2473,59
539.964,-1.000,0.219,0.000,59,1644,40
541.969,0.106,0.446,0.000,60,2473,60
548.986,-1.000,0.219,0.000,60,1644,36
551.977,-1.000,0.220,0.000,60,1644,45
556.971,-1.000,0.219,0.000,60,2320,42
559.987,-1.000,0.219,0.000,60,1938,50
567.988,0.106,0.448,0.000,61,2473,61
569.962,0.105,0.444,0.000,62,2473,62
570.962,0.106,0.454,0.000,63,2473,63
572.974,0.106,0.445,0.000,64,2473,64
576.969,0.106,0.442,0.000,65,2473,65
585.987,0.105,0.445,0.000,66,2473,66
586.978,-1.000,0.219,0.000,66,1644,35
590.973,-1.000,5.255,0.000,66,5763,39
601.980,-1.000,0.249,0.000,66,1938,9
609.978,0.106,0.502,0.000,67,2473,67
614.979,0.105,0.866,0.000,68,2473,68
616.959,-1.000,1.837,0.000,68,1644,41
613.985,-1.000,5.642,0.061,68,5763,5
624.963,0.121,0.488,0.000,70,2473,69
624.963,0.165,0.798,0.000,70,2473,70
630.969,-1.000,0.230,0.000,70,1938,51
632.978,-1.000,5.033,0.000,70,5763,47
637.976,-1.000,0.223,0.000,70,1644,51
638.967,-1.000,0.218,0.000,70,1644,13
640.964,-1.000,5.604,0.000,70,1754,32
650.957,0.107,0.547,0.000,71,2473,71
663.978,0.107,0.445,0.000,72,2473,72
669.960,-1.000,0.220,0.000,72,1644,42
676.972,0.106,0.474,0.000,73,2473,73
682.970,-1.000,0.220,0.000,73,1644,17
685.980,0.105,0.445,0.000,74,2473,74
688.962,-1.000,4.850,0.331,74,10112,46
699.966,0.107,0.503,0.000,75,2473,75
703.969,-1.000,0.220,0.000,75,1644,29
721.961,-1.000,0.218,0.000,75,1644,75
722.949,0.106,0.445,0.000,76,2473,76
724.952,-1.000,0.218,0.000,76,1644,74
731.960,0.107,0.474,0.000,77,2473,77
749.973,0.107,0.567,0.000,78,2473,78
748.948,-1.000,1.905,0.000,78,2473,20
752.946,0.107,0.478,0.000,79,2473,79
753.974,0.105,0.479,0.000,80,2473,80
747.955,-1.000,6.896,0.000,80,703,9
754.961,-1.000,0.218,0.000,80,1644,27
764.948,-1.000,0.220,0.000,80,1644,18
768.962,0.106,0.474,0.000,81,2473,81
776.958,-1.000,0.220,0.000,81,1644,15
781.964,-1.000,0.219,0.000,81,1644,67
783.965,0.106,0.445,0.000,82,2473,82
796.950,-1.000,0.219,0.000,82,1644,63
810.953,0.106,0.455,0.000,83,2473,83
818.963,-1.000,5.128,0.088,84,5763,45
823.964,0.077,0.552,0.000,84,2473,84
826.965,0.106,0.445,0.000,85,2473,85
832.960,-1.000,0.250,0.000,85,1644,80
828.967,-1.000,5.166,0.149,85,5763,43
847.939,-1.000,0.223,0.000,86,1644,58
847.939,0.113,0.499,0.000,86,2473,86
859.950,0.109,0.445,0.000,87,2473,87
861.962,-1.000,0.219,0.000,87,2320,38
864.958,0.112,0.445,0.000,88,2473,88
867.946,0.104,0.451,0.000,89,2473,89
868.942,0.104,0.445,0.000,90,2473,90
873.963,0.106,0.445,0.000,91,2473,91
878.965,0.104,0.445,0.000,92,2473,92
886.961,-1.000,0.220,0.000,92,1644,26
899.956,-1.000,0.220,0.000,92,1644,53
914.939,0.106,0.869,0.000,93,2473,93
913.941,-1.000,5.523,0.150,93,5763,51
919.957,0.106,0.475,0.000,94,2473,94
930.961,0.106,0.455,0.000,95,2473,95
931.934,-1.000,0.219,0.000,95,1644,68
940.940,0.105,0.485,0.000,96,2473,96
953.956,0.117,0.457,0.000,98,2473,97
953.956,0.161,0.770,0.000,98,2473,98
955.955,-1.000,0.219,0.000,98,1644,91
958.948,0.107,1.486,0.000,100,2473,99
959.951,0.111,0.868,0.000,100,2473,100
970.941,-1.000,0.261,0.000,101,1644,97
956.942,-1.000,14.378,0.124,101,5763,13
960.982,-1.000,11.082,0.118,101,5763,29
959.951,-1.000,12.846,0.052,101,5763,68
963.949,0.107,9.139,0.000,101,2473,101
985.936,-1.000,0.225,0.000,102,1644,50
987.957,-1.000,1.679,0.000,103,2653,9
993.947,-1.000,0.219,0.000,103,1644,100
999.946,-1.000,0.249,0.000,104,1644,82
1007.939,-1.000,0.251,0.000,105,2320,85
1015.937,-1.000,0.222,0.000,106,1644,12
1023.937,-1.000,0.222,0.000,107,1644,49
1028.927,-1.000,5.137,0.125,108,5763,11
1034.932,-1.000,0.252,0.000,108,1644,55
1036.928,-1.000,0.220,0.000,108,1644,99
1042.935,-1.000,0.222,0.000,108,2320,1
1053.939,-1.000,0.222,0.000,109,1644,72
1056.935,-1.000,0.221,0.000,109,1644,89
1063.926,-1.000,0.222,0.000,109,1938,85
1069.946,-1.000,4.790,0.312,111,10112,6
985.936,0.116,93.430,0.000,112,2473,102
988.930,0.106,91.290,0.000,112,2473,103
1083.936,-1.000,0.225,0.000,112,1644,31
1097.926,-1.000,4.838,0.320,115,10112,99
1122.936,-1.000,0.256,0.000,116,2320,22
1146.946,-1.000,0.627,0.000,120,1644,33
1150.932,-1.000,0.266,0.000,121,1644,6
1152.923,-1.000,2.255,0.000,123,1644,1
1154.919,-1.000,0.379,0.000,123,1644,28
1150.932,-1.000,5.168,0.312,123,10112,41
1145.922,-1.000,4.909,5.700,123,10112,75
1187.917,-1.000,0.260,0.000,124,1938,34
1198.929,-1.000,0.229,0.000,125,1644,67
1238.936,-1.000,5.057,0.000,132,5763,72
1243.922,-1.000,0.203,0.000,132,1644,90
1248.912,-1.000,0.231,0.000,134,1644,19
1256.921,-1.000,0.230,0.000,134,1923,11
1263.917,-1.000,0.232,0.000,134,2320,3
1298.932,-1.000,0.237,0.000,135,1644,102
1337.928,-1.000,0.232,0.000,138,2320,57
1350.918,-1.000,0.197,0.000,140,1644,48
1377.929,-1.000,5.066,0.114,144,5763,50
1383.922,-1.000,0.276,0.000,144,1644,81
1385.923,-1.000,0.232,0.000,144,1644,93
1389.920,-1.000,0.233,0.000,144,1644,78
1392.912,-1.000,0.201,0.000,145,1644,39
1393.905,-1.000,1.807,0.000,146,703,9
1401.924,-1.000,0.233,0.000,146,1644,87
1416.919,-1.000,4.962,0.060,148,5763,87
1439.926,-1.000,0.237,0.000,152,1938,2
1441.902,-1.000,0.203,0.000,152,1644,2
1443.922,-1.000,4.728,0.333,153,10112,40
1453.920,-1.000,0.269,0.000,154,1644,32
1475.893,-1.000,0.236,0.000,154,1644,79
1509.913,-1.000,0.237,0.000,158,1644,84
1508.898,-1.000,5.737,0.000,158,1760,51
1523.902,-1.000,0.238,0.000,159,1938,27
1518.917,-1.000,5.094,0.188,159,5763,74
1533.920,-1.000,0.270,0.000,159,1644,57
1543.909,-1.000,0.205,0.000,161,1644,37
1547.919,-1.000,5.130,0.132,162,5763,90
1579.905,-1.000,0.240,0.000,164,1644,96
1583.915,-1.000,0.241,0.000,165,1644,7
1588.912,-1.000,4.947,0.058,165,5763,96
1597.916,-1.000,4.971,0.128,166,5763,100
1633.894,-1.000,0.287,0.000,169,1644,44
1635.899,-1.000,0.247,0.000,169,1938,6
1639.903,-1.000,0.241,0.000,169,1644,4
1635.899,-1.000,5.271,0.133,169,5763,33
1641.911,-1.000,0.242,0.000,169,1644,61
1647.907,-1.000,0.207,0.000,170,1644,101
1651.907,-1.000,9.044,0.115,171,5763,80
1654.887,-1.000,6.616,0.000,171,5763,51
1649.884,-1.000,11.854,0.000,171,1754,100
1664.894,-1.000,0.243,0.000,171,1644,70
1702.902,-1.000,0.242,0.000,176,1938,89
1703.905,-1.000,5.598,0.000,177,1756,72
1714.891,-1.000,0.285,0.000,178,1938,32
1722.875,-1.000,0.250,0.000,178,2320,23
1737.878,-1.000,0.246,0.000,178,1644,11
1768.876,-1.000,0.248,0.000,178,1923,87
1771.882,-1.000,1.447,0.138,178,5763,39
1788.903,-1.000,0.244,0.000,179,1644,6
1789.874,-1.000,0.216,0.000,179,1644,103
1790.880,-1.000,1.499,0.000,180,2655,9
1795.900,-1.000,5.059,0.135,180,5763,17
1801.890,-1.000,0.245,0.000,180,1644,38
1813.869,-1.000,0.245,0.000,181,1644,62
1817.873,-1.000,0.210,0.000,181,1644,87
1821.883,-1.000,0.211,0.000,181,1923,39
1823.887,-1.000,0.246,0.000,181,2473,13
1831.896,-1.000,4.752,0.341,184,10112,1
1846.883,-1.000,0.246,0.000,185,1644,34
1855.881,-1.000,0.254,0.000,185,2473,32
1859.886,-1.000,4.734,0.327,186,10112,78
1889.869,-1.000,0.248,0.000,193,1644,98
1900.867,-1.000,1.388,0.000,193,311,72
1925.878,-1.000,0.248,0.000,194,1644,75
1924.882,-1.000,5.126,0.063,195,5763,103
1946.878,-1.000,0.292,0.000,197,1938,82
1941.891,-1.000,5.134,0.208,197,5763,97
1955.887,-1.000,0.252,0.000,198,1644,50
1957.870,-1.000,0.261,0.000,198,1644,71
1969.863,-1.000,0.261,0.000,199,1938,38
1987.885,-1.000,0.717,0.000,201,1644,25
1986.876,-1.000,5.172,0.138,202,5763,55
2003.857,-1.000,1.430,0.000,205,1659,9
2005.862,-1.000,1.462,0.108,205,6083,46
2007.865,-1.000,0.259,0.000,205,1938,15
2007.865,-1.000,0.398,0.000,205,1644,32
2008.866,-1.000,5.018,0.000,205,5763,62
2019.882,-1.000,0.254,0.000,205,1644,22
2024.862,-1.000,0.252,0.000,206,2473,96
2044.881,-1.000,0.292,0.000,210,1938,93
2039.865,-1.000,5.718,0.000,210,1754,80
2052.877,-1.000,0.255,0.000,210,1644,24
2067.853,-1.000,1.575,0.000,211,1596,46
995.929,0.105,1085.471,0.000,215,2473,104
1000.942,0.113,1081.289,0.000,216,2473,105
1009.931,0.105,1073.150,0.000,216,2473,106
1017.931,0.106,1065.930,0.000,216,2473,107
2084.863,-1.000,5.663,0.000,217,703,93
2092.882,-1.000,0.256,0.000,217,1938,22
2098.863,-1.000,0.224,0.000,217,1644,104
2113.868,-1.000,0.263,0.000,219,1644,96
2114.848,-1.000,4.782,0.296,222,10112,58
2122.873,-1.000,0.256,0.000,223,1644,59
2127.865,-1.000,2.936,0.087,225,6083,1
2132.854,-1.000,0.258,0.000,225,1644,65
2128.867,-1.000,5.508,0.066,225,5763,59
2141.862,-1.000,0.221,0.000,226,1644,105
2144.861,-1.000,5.017,0.135,227,5763,81
2158.866,-1.000,5.032,0.088,227,5763,70
2167.856,-1.000,0.259,0.000,228,1644,30
2175.864,-1.000,0.223,0.000,228,1938,71
2179.858,-1.000,4.735,0.312,229,10112,34
2186.867,-1.000,0.259,0.000,229,1644,89
2195.869,-1.000,1.393,0.065,229,5763,32
2225.846,-1.000,5.010,0.071,233,5763,65
2242.871,-1.000,4.996,0.138,235,5763,25
2249.867,-1.000,0.261,0.000,235,1644,3
2259.856,-1.000,0.288,0.000,239,1938,36
2306.864,-1.000,0.228,0.000,247,1644,27
2313.854,-1.000,0.229,0.000,247,1644,61
2320.838,-1.000,0.227,0.000,247,1644,71
2322.864,-1.000,0.228,0.000,247,2473,90
2332.832,-1.000,4.815,0.329,249,10112,31
2350.837,-1.000,5.017,0.112,252,5763,7
2355.854,-1.000,0.274,0.000,252,1644,39
2359.846,-1.000,4.771,0.256,252,10112,44
2371.850,-1.000,0.266,0.000,253,1644,22
2383.862,-1.000,1.398,0.149,255,5763,11
2382.831,-1.000,2.629,0.000,255,311,9
2391.828,-1.000,5.076,0.088,255,5763,101
2406.838,-1.000,0.266,0.000,255,1644,5
2407.856,-1.000,1.776,0.000,256,703,9
2410.845,-1.000,5.573,0.000,256,1760,32
2419.842,-1.000,5.107,0.104,258,5763,89
2427.842,-1.000,0.267,0.000,258,1938,57
2428.827,-1.000,4.994,0.140,258,5763,53
2439.830,-1.000,0.268,0.000,258,1644,21
2440.855,-1.000,5.003,0.141,259,5763,79
2447.841,-1.000,0.267,0.000,259,2473,103
2452.837,-1.000,5.445,0.000,259,1756,72
2465.844,-1.000,0.267,0.000,260,1644,78
2468.850,-1.000,2.403,0.000,262,2473,85
2466.831,-1.000,5.218,0.148,262,5763,102
2474.845,-1.000,1.478,0.059,262,6083,44
2476.841,-1.000,0.278,0.000,262,1644,100
2503.820,-1.000,0.233,0.000,264,1644,29
2519.826,-1.000,0.232,0.000,264,1644,10
2525.851,-1.000,0.231,0.000,265,1644,86
2580.820,-1.000,1.554,0.093,272,5763,50
2591.813,-1.000,0.283,0.000,273,1644,56
2596.832,-1.000,1.385,0.177,273,5763,87
2598.815,-1.000,0.283,0.000,273,1644,16
2599.816,-1.000,0.233,0.000,273,1938,42
2601.824,-1.000,0.268,0.000,275,1644,17
2601.824,-1.000,1.611,0.117,276,6083,58
2605.825,-1.000,0.234,0.000,276,1644,41
2609.819,-1.000,1.420,0.000,277,5763,78
2614.815,-1.000,1.496,0.000,277,2473,7
2610.845,-1.000,5.362,0.168,277,5763,27
2622.821,-1.000,0.235,0.000,278,2473,68
2628.837,-1.000,1.027,0.000,279,1644,64
2628.837,-1.000,1.512,0.000,279,311,46
2651.831,-1.000,0.235,0.000,283,1644,57
2661.822,-1.000,1.471,0.115,283,6083,34
2684.833,-1.000,0.237,0.000,289,1644,88
2698.816,-1.000,1.592,0.000,289,1596,1
2702.820,-1.000,0.237,0.000,290,1644,83
2708.816,-1.000,5.465,0.000,291,1784,51
2716.833,-1.000,2.409,0.000,293,1644,42
2714.841,-1.000,5.187,0.147,293,5763,22
2710.826,-1.000,10.123,0.000,293,1596,44
2745.821,-1.000,5.247,0.000,297,1754,50
2768.810,-1.000,0.291,0.000,299,1938,16
2767.824,-1.000,1.604,0.000,299,311,93
2772.808,-1.000,0.268,0.000,301,1644,16
2802.830,-1.000,1.462,0.000,304,1596,44
2816.820,-1.000,2.764,0.000,304,1644,76
2813.822,-1.000,9.241,0.153,304,5763,18
2813.822,-1.000,9.853,0.269,304,10112,86
2850.794,-1.000,0.241,0.000,305,2473,11
2852.824,-1.000,0.240,0.000,305,1644,7
2858.820,-1.000,1.099,0.000,305,1644,33
2857.815,-1.000,8.347,0.156,306,5763,4
2856.813,-1.000,9.936,0.154,306,5763,19
2876.814,-1.000,1.479,0.123,309,6083,99
2882.801,-1.000,2.498,0.154,309,5763,100
2879.800,-1.000,6.236,0.106,309,5763,84
2907.819,-1.000,4.949,0.147,311,5763,88
2910.819,-1.000,3.501,0.000,311,1596,58
2914.807,-1.000,0.248,0.000,311,1644,85
2914.807,-1.000,0.404,0.000,311,1644,60
2931.794,-1.000,5.040,0.114,315,5763,30
2936.787,-1.000,0.262,0.000,315,1644,68
2990.810,-1.000,0.262,0.000,320,1644,94
2994.817,-1.000,0.244,0.000,320,2473,45
3006.798,-1.000,5.008,0.163,324,5763,64
3005.809,-1.000,6.445,0.000,324,5763,7
3012.796,-1.000,1.360,0.117,324,10112,39
3029.783,-1.000,0.246,0.000,327,2320,73
3036.785,-1.000,5.576,0.000,328,1762,4
3044.808,-1.000,1.846,0.000,328,703,93
3071.783,-1.000,0.261,0.000,329,1923,65
1024.938,0.109,2059.412,0.000,332,2473,108
1046.951,0.106,2038.253,0.000,332,2473,109
1071.941,0.108,2014.068,0.000,332,2473,110
1072.928,0.106,2013.931,0.000,332,2473,111
1076.925,0.107,2010.741,0.000,332,2473,112
1085.939,0.113,2002.578,0.000,332,2473,113
1090.922,0.106,1998.397,0.000,332,2473,114
1102.936,0.108,1987.185,0.000,332,2473,115
3102.780,-1.000,1.578,0.077,334,6083,39
3117.784,-1.000,0.297,0.000,338,1644,43
3122.806,-1.000,0.247,0.000,338,2320,14
3136.800,-1.000,5.153,0.097,340,5763,21
3149.773,-1.000,1.397,0.159,341,5763,72
3158.795,-1.000,0.248,0.000,341,1938,2
3159.776,-1.000,1.415,0.093,341,5763,33
3161.772,-1.000,0.247,0.000,341,1644,52
3181.773,-1.000,2.231,0.148,343,10112,43
3186.796,-1.000,8.113,0.000,343,1754,74
3181.773,-1.000,13.361,0.000,343,1762,89
3198.774,-1.000,0.289,0.000,343,1938,48
3184.773,-1.000,15.106,0.000,343,1762,78
3238.805,-1.000,1.436,0.000,350,311,44
3244.765,-1.000,0.248,0.000,352,1644,2
3256.773,-1.000,2.272,0.000,354,1644,114
3253.784,-1.000,5.094,0.222,354,5763,16
3256.773,-1.000,2.375,0.000,354,1644,111
3265.788,-1.000,0.251,0.000,354,1644,103
3298.788,-1.000,0.251,0.000,357,1644,51
3302.773,-1.000,1.467,0.130,358,6083,40
3316.760,-1.000,0.276,0.000,361,1644,16
3322.774,-1.000,2.768,0.000,362,1938,28
3320.770,-1.000,8.009,0.349,362,10112,8
3319.799,-1.000,10.103,0.055,362,5763,26
3329.797,-1.000,0.213,0.000,362,1644,97
3331.796,-1.000,0.864,0.000,363,2473,79
3331.796,-1.000,1.468,0.147,363,10112,6
3333.763,-1.000,1.369,0.192,363,5763,68
3337.771,-1.000,5.476,0.000,363,703,82
3351.762,-1.000,0.253,0.000,364,1938,104
3365.761,-1.000,7.049,0.000,365,1778,81
3369.781,-1.000,6.327,0.284,365,10112,2
3383.763,-1.000,0.253,0.000,365,1644,26
3399.778,-1.000,5.048,0.074,367,5763,61
3405.759,-1.000,0.267,0.000,368,2473,72
3427.760,-1.000,5.646,0.000,369,1758,70
3436.759,-1.000,0.260,0.000,369,1923,33
3436.759,-1.000,0.368,0.000,369,1644,66
3464.772,-1.000,5.687,0.000,370,1756,55
3480.759,-1.000,0.262,0.000,371,1644,106
3482.751,-1.000,0.267,0.000,371,1644,13
3487.786,-1.000,0.254,0.000,372,1644,54
3488.754,-1.000,0.263,0.000,372,1644,20
3494.757,-1.000,0.288,0.000,374,1644,23
3494.757,-1.000,0.400,0.000,374,2473,30
3497.757,-1.000,1.389,0.148,374,10112,5
3516.777,-1.000,1.556,0.000,377,2655,93
3519.775,-1.000,0.254,0.000,377,1923,53
3522.759,-1.000,0.276,0.000,377,1938,23
3520.747,-1.000,5.663,0.000,378,1758,101
3522.759,-1.000,3.853,0.000,378,1644,113
3526.750,-1.000,0.254,0.000,378,1644,7
3527.760,-1.000,0.266,0.000,378,2473,4
3566.742,-1.000,0.256,0.000,382,1644,74
3571.777,-1.000,1.562,0.000,383,1714,82
3574.752,-1.000,0.255,0.000,383,1644,73
3579.747,-1.000,2.284,0.000,384,1644,45
3583.742,-1.000,0.463,0.000,384,1644,48
3581.767,-1.000,3.181,0.060,384,6083,86
3591.779,-1.000,0.259,0.000,384,1644,53
3587.750,-1.000,5.691,0.166,385,5763,35
3581.767,-1.000,8.050,3.896,385,10112,71
3577.762,-1.000,16.658,0.154,385,5763,67
3585.765,-1.000,8.874,0.000,385,1644,112
3623.740,-1.000,0.259,0.000,387,1644,90
3625.770,-1.000,0.271,0.000,388,1644,69
3633.755,-1.000,1.403,0.000,388,5763,74
3638.758,-1.000,5.701,0.000,388,1762,47
3649.754,-1.000,1.448,0.071,389,5763,90
3650.751,-1.000,1.659,0.182,390,10112,96
3644.773,-1.000,9.704,0.000,391,703,38
3652.737,-1.000,5.769,0.247,391,10112,73
3653.755,-1.000,5.599,0.117,391,6083,8
3667.774,-1.000,0.260,0.000,392,1923,35
3670.734,-1.000,0.216,0.000,392,1644,8
3677.768,-1.000,0.273,0.000,395,1644,15
3682.737,-1.000,1.386,0.000,396,5763,45
1120.937,0.107,2564.099,0.000,396,2473,116
3683.740,-1.000,1.999,0.000,396,2653,55
3687.750,-1.000,1.374,0.119,396,6043,43
3700.751,-1.000,5.890,0.327,397,10112,3
3697.755,-1.000,9.983,0.165,397,5763,12
3704.761,-1.000,4.269,0.114,397,5763,16
3713.763,-1.000,0.262,0.000,397,1644,87
3726.763,-1.000,6.272,0.000,400,1778,101
3732.740,-1.000,0.448,0.000,400,1644,77
3732.740,-1.000,0.611,0.000,400,1644,110
3727.732,-1.000,9.993,0.000,400,1596,86
3754.754,-1.000,0.262,0.000,400,1644,67
3776.748,-1.000,5.128,0.100,401,5763,85
3796.757,-1.000,0.261,0.000,401,1938,24
3800.733,-1.000,1.283,0.000,402,1644,72
3801.754,-1.000,2.183,0.099,402,5763,26
3797.752,-1.000,6.429,0.114,402,5763,63
3812.735,-1.000,5.480,0.000,403,1596,34
3819.725,-1.000,1.427,0.172,403,5763,53
3831.751,-1.000,5.576,0.000,403,1760,27
3833.761,-1.000,4.964,0.000,403,1596,34
3848.741,-1.000,5.062,0.102,407,5763,52
3870.741,-1.000,4.997,0.168,410,5763,66
3879.725,-1.000,0.263,0.000,410,1644,92
3881.739,-1.000,0.229,0.000,410,1644,109
3889.749,-1.000,0.274,0.000,410,1644,28
3896.759,-1.000,0.316,0.000,410,1644,74
3892.724,-1.000,5.875,0.000,410,1768,88
3914.727,-1.000,1.376,0.105,413,10112,51
3926.740,-1.000,5.052,0.059,415,5763,57
3931.726,-1.000,0.269,0.000,415,1644,95
3935.743,-1.000,4.984,0.000,416,5763,28
3944.734,-1.000,1.631,0.000,417,1596,46
3950.737,-1.000,0.277,0.000,417,1938,103
3949.753,-1.000,3.397,0.128,418,6083,3
3948.728,-1.000,4.983,0.000,418,5763,74
3950.737,-1.000,3.168,0.000,417,2320,108
1124.925,0.107,2829.016,0.000,417,2473,117
3946.730,-1.000,8.023,0.164,417,5763,83
3955.726,-1.000,0.265,0.000,417,1923,84
3956.734,-1.000,0.275,0.000,417,1938,91
4008.721,-1.000,4.998,0.174,428,5763,106
4000.730,-1.000,13.388,0.273,428,10112,20
4016.714,-1.000,0.267,0.000,428,2473,63
4034.730,-1.000,0.268,0.000,428,1644,43
4033.731,-1.000,2.888,0.000,428,2651,101
4026.723,-1.000,10.521,0.130,428,6083,73
4024.741,-1.000,13.133,0.251,428,10112,49
4027.715,-1.000,10.604,0.000,428,1596,44
4038.729,-1.000,0.295,0.000,429,1938,109
4043.707,-1.000,0.282,0.000,429,2473,12
4046.730,-1.000,5.665,0.253,430,10112,105
4049.724,-1.000,3.593,0.000,430,2655,32
4053.727,-1.000,6.352,0.101,431,5763,94
4056.707,-1.000,3.755,0.000,431,703,82
4060.730,-1.000,0.266,0.000,431,1644,83
4068.736,-1.000,0.279,0.000,432,1644,4
4078.710,-1.000,5.363,0.000,432,1754,32
4083.715,-1.000,5.933,0.130,433,6083,31
1125.943,0.106,2964.734,0.000,433,2473,118
1133.947,0.107,2957.526,0.000,433,2473,119
1135.944,0.106,2956.368,0.000,433,2473,120
1149.927,0.108,2943.221,0.000,433,2473,121
1153.922,0.123,2940.060,0.000,433,2473,122
1153.922,0.168,2940.799,0.000,433,2473,123
1160.938,0.116,2934.670,0.000,433,2473,124
1198.929,0.117,2897.512,0.000,433,2473,125
1199.929,0.108,2897.363,0.000,434,2473,126
1202.942,0.109,2895.184,0.000,434,2473,127
1218.926,0.110,2880.031,0.000,434,2473,128
1220.942,0.109,2878.860,0.000,434,2473,129
1223.914,0.109,2876.721,0.000,434,2473,130
1226.932,0.109,2874.489,0.000,434,2473,131
1237.929,0.109,2864.324,0.000,434,2473,132
1245.926,0.109,2857.171,0.000,434,2473,133
4114.724,-1.000,0.281,0.000,434,1644,121
4117.714,-1.000,0.277,0.000,434,1923,26
4131.736,-1.000,0.277,0.000,437,1938,113
4150.727,-1.000,0.278,0.000,440,1938,17
4157.712,-1.000,0.278,0.000,441,1938,56
4167.735,-1.000,2.868,0.000,442,2473,104
4164.727,-1.000,7.730,0.000,442,1768,22
4167.735,-1.000,8.174,0.112,444,5763,110
4188.719,-1.000,0.266,0.000,447,2473,113
4183.728,-1.000,5.714,0.000,447,703,23
4202.697,-1.000,0.280,0.000,449,1923,90
4207.699,-1.000,5.534,0.000,450,1596,99
4218.721,-1.000,0.322,0.000,450,1644,82
4219.705,-1.000,0.282,0.000,450,1644,79
4214.720,-1.000,5.934,0.000,450,703,36
4231.695,-1.000,0.269,0.000,451,1644,12
4230.727,-1.000,5.894,0.000,451,1762,85
4243.715,-1.000,0.324,0.000,451,1644,26
4238.706,-1.000,5.704,0.000,451,1758,50
4258.718,-1.000,0.287,0.000,451,1644,107
4260.732,-1.000,0.301,0.000,452,1644,40
4271.692,-1.000,0.226,0.000,454,1923,100
4288.705,-1.000,0.282,0.000,455,1644,21
4309.688,-1.000,1.554,0.064,456,6083,71
4326.713,-1.000,0.283,0.000,457,2473,101
4330.721,-1.000,1.486,0.000,457,1596,99
4333.703,-1.000,1.523,0.000,457,2655,50
4335.726,-1.000,0.281,0.000,457,1923,25
4345.708,-1.000,0.234,0.000,458,1644,116
4350.716,-1.000,0.278,0.000,458,1938,97
4356.711,-1.000,0.234,0.000,458,1644,118
4365.717,-1.000,0.236,0.000,459,1644,63
4365.717,-1.000,1.690,0.000,459,2655,81
4370.710,-1.000,1.364,0.000,459,311,22
4384.697,-1.000,0.884,0.000,460,1644,101
4384.697,-1.000,1.518,0.083,460,6083,96
4388.692,-1.000,1.361,0.000,460,5763,101
4393.716,-1.000,0.283,0.000,460,2473,27
4397.685,-1.000,0.282,0.000,460,2473,33
4400.696,-1.000,1.334,0.000,461,5763,40
4405.692,-1.000,1.308,0.121,461,10112,63
4412.712,-1.000,0.298,0.000,462,1644,113
4416.716,-1.000,0.271,0.000,462,1644,35
4415.708,-1.000,5.821,0.000,462,1762,68
4426.701,-1.000,0.271,0.000,464,1923,106
4480.700,-1.000,0.287,0.000,473,2473,1
4481.715,-1.000,1.369,0.151,473,10112,13
4484.680,-1.000,5.101,0.135,475,5763,77
4502.688,-1.000,0.295,0.000,476,1644,120
4508.703,-1.000,5.459,0.000,477,1760,22
4511.707,-1.000,4.022,0.000,477,2655,36
4517.686,-1.000,0.274,0.000,477,1644,90
4506.678,-1.000,12.582,0.000,477,1756,18
4530.684,-1.000,0.288,0.000,478,1644,30
4530.684,-1.000,0.404,0.000,478,1644,127
4532.704,-1.000,0.275,0.000,478,1644,109
4541.681,-1.000,9.970,0.000,481,1772,68
4543.671,-1.000,8.980,0.000,481,1644,125
4544.704,-1.000,7.766,0.240,481,5763,37
4553.686,-1.000,1.433,0.119,481,5763,67
4554.711,-1.000,1.645,0.117,481,5763,29
4561.706,-1.000,1.377,0.120,482,5763,4
4566.698,-1.000,1.420,0.174,482,6083,6
4569.711,-1.000,5.071,0.111,482,5763,95
4574.710,-1.000,0.293,0.000,482,1644,27
4576.689,-1.000,5.530,0.000,482,1754,59
4587.710,-1.000,5.287,0.000,483,1754,101
4595.688,-1.000,0.275,0.000,484,1644,85
4586.686,-1.000,10.807,0.000,484,1762,102
4598.708,-1.000,0.287,0.000,484,2473,73
4604.705,-1.000,0.238,0.000,484,1644,37
4604.705,-1.000,0.355,0.000,484,2473,97
4614.697,-1.000,2.755,0.132,485,6083,5
4610.679,-1.000,7.019,0.000,485,1760,52
4619.695,-1.000,5.537,0.000,485,1596,86
4629.681,-1.000,0.914,0.000,485,2473,46
4630.699,-1.000,0.276,0.000,485,1923,28
4629.681,-1.000,1.656,0.138,485,10112,27
4653.688,-1.000,5.449,0.000,487,1784,67
4695.676,-1.000,0.277,0.000,490,1644,56
4692.680,-1.000,5.787,0.000,490,1768,29
4700.663,-1.000,1.545,0.000,491,1596,96
4707.667,-1.000,0.294,0.000,492,1644,115
4712.685,-1.000,2.672,0.000,492,1596,39
4708.688,-1.000,6.874,0.000,492,1596,6
4716.697,-1.000,0.285,0.000,492,1644,104
4722.687,-1.000,1.391,0.000,492,5763,85
4728.674,-1.000,0.290,0.000,494,1923,40
4744.670,-1.000,4.839,0.347,495,10112,10
4752.690,-1.000,0.280,0.000,495,2320,1
4777.689,-1.000,1.454,0.105,498,5763,84
4790.689,-1.000,0.291,0.000,498,1644,61
4793.678,-1.000,1.485,0.000,498,1596,39
4862.656,-1.000,0.300,0.000,498,1644,129
4863.685,-1.000,1.438,0.134,498,6083,49
4865.668,-1.000,4.805,0.271,498,10112,48
4876.676,-1.000,1.393,0.119,498,5763,116
4878.652,-1.000,0.290,0.000,498,1644,1
4882.668,-1.000,0.242,0.000,498,2320,131
4887.675,-1.000,0.637,0.000,498,2473,32
4890.661,-1.000,5.174,0.120,498,5763,98
4886.682,-1.000,9.737,0.284,498,10112,92
4912.660,-1.000,0.298,0.000,498,1644,132
4913.687,-1.000,1.048,0.000,498,1938,125
4913.687,-1.000,1.701,0.000,498,2655,58
4919.652,-1.000,1.396,0.078,498,6083,63
4926.686,-1.000,1.262,0.185,498,10112,75
4929.668,-1.000,4.970,0.120,498,5763,60
4949.676,-1.000,1.629,0.000,498,2655,34
4955.657,-1.000,0.294,0.000,498,1644,119
4966.648,-1.000,1.352,0.000,498,311,18
4972.642,-1.000,5.695,0.000,498,1772,16
4991.639,-1.000,1.488,0.125,498,6083,20
4996.666,-1.000,1.323,0.135,498,10112,72
4998.677,-1.000,0.291,0.000,498,1644,24
5002.656,-1.000,1.931,0.000,498,1644,4
5008.677,-1.000,0.239,0.000,498,1644,97
5008.677,-1.000,1.564,0.159,498,5763,101
5014.657,-1.000,0.290,0.000,498,1644,62
5016.663,-1.000,5.070,0.121,498,5763,56
5023.654,-1.000,1.351,0.000,498,311,47
5037.646,-1.000,0.296,0.000,498,2473,85
5037.646,-1.000,0.358,0.000,498,1938,107
5042.642,-1.000,0.234,0.000,498,1938,113
5044.645,-1.000,0.233,0.000,498,2473,29
5046.659,-1.000,1.680,0.000,498,1596,49
5045.666,-1.000,3.088,0.000,498,2655,80
5051.645,-1.000,0.287,0.000,498,1644,32
5056.677,-1.000,1.573,0.000,498,2655,78
5069.669,-1.000,1.554,0.000,498,1596,20
5075.660,-1.000,0.289,0.000,498,1644,99
5074.668,-1.000,1.700,0.000,498,2655,67
5077.642,-1.000,0.292,0.000,498,2473,22
5078.664,-1.000,0.241,0.000,498,1644,133
5088.669,-1.000,12.388,0.000,498,1778,18
5101.673,-1.000,1.587,0.000,498,5763,99
1247.933,0.109,3856.803,0.000,498,2473,134
1269.921,0.109,3835.703,0.000,498,2473,135
1301.921,0.111,3804.530,0.000,498,2473,136
1308.928,0.113,3798.338,0.000,498,2473,137
1324.917,0.119,3783.173,0.000,498,2473,138
1348.919,0.114,3760.004,0.000,498,2473,139
1350.918,0.084,3758.916,0.000,498,2473,140
1354.914,0.111,3755.718,0.000,498,2473,141
1357.924,0.112,3753.541,0.000,498,2473,142
1381.928,0.093,3730.368,0.000,498,2473,143
5112.637,-1.000,1.568,0.000,498,311,89
1381.928,0.138,3732.636,0.000,498,2473,144
1392.912,0.119,3722.535,0.000,498,2473,145
1393.905,0.087,3722.451,0.000,498,2473,146
1410.904,0.111,3706.237,0.000,498,2473,147
1413.917,0.111,3704.044,0.000,498,2473,148
1422.917,0.111,3695.864,0.000,498,2473,149
1426.909,0.110,3692.748,0.000,498,2473,150
1438.922,0.112,3681.537,0.000,498,2473,151
1439.926,0.089,3681.382,0.000,498,2473,152
1446.895,0.116,3675.203,0.000,498,2473,153
1449.917,0.113,3673.000,0.000,498,2473,154
1481.916,0.113,3641.872,0.000,498,2473,155
1483.923,0.112,3640.669,0.000,498,2473,156
1484.899,0.112,3640.562,0.000,498,2473,157
1495.908,0.111,3630.355,0.000,498,2473,158
1514.922,0.116,3612.192,0.000,498,2473,159
1539.910,0.112,3588.021,0.000,498,2473,160
1543.909,0.088,3584.900,0.000,498,2473,161
1545.895,0.113,3583.742,0.000,498,2473,162
1560.895,0.119,3569.545,0.000,498,2473,163
1564.888,0.113,3566.376,0.000,498,2473,164
1580.888,0.113,3551.242,0.000,498,2473,165
5140.656,-1.000,0.234,0.000,498,1644,156
5145.646,-1.000,0.284,0.000,498,1644,17
5146.637,-1.000,0.234,0.000,498,1644,126
5158.643,-1.000,0.283,0.000,498,1938,121
5159.633,-1.000,0.233,0.000,498,1644,163
5160.669,-1.000,0.227,0.000,498,2473,100
5164.635,-1.000,1.535,0.000,498,311,39
5166.629,-1.000,0.271,0.000,498,1644,110
5175.643,-1.000,0.284,0.000,498,2473,18
5199.635,-1.000,1.419,0.126,498,5763,87
5197.666,-1.000,9.489,0.168,498,5763,15
5196.655,-1.000,11.244,0.176,498,5763,129
5200.646,-1.000,7.481,0.000,498,1644,150
5208.658,-1.000,0.283,0.000,498,1644,48
5209.649,-1.000,1.842,0.000,498,703,93
5214.635,-1.000,0.282,0.000,498,1938,109
5217.658,-1.000,0.282,0.000,498,1644,23
5222.646,-1.000,0.233,0.000,498,1644,142
5227.621,-1.000,0.227,0.000,498,1938,14
5234.648,-1.000,0.235,0.000,498,1644,157
5244.649,-1.000,0.229,0.000,498,1938,112
5252.660,-1.000,1.544,0.000,498,2655,44
5253.624,-1.000,0.736,0.000,498,1644,148
5260.621,-1.000,1.366,0.134,498,6083,72
5263.651,-1.000,5.457,0.000,498,1754,98
5268.621,-1.000,5.510,0.068,498,5763,150
5277.638,-1.000,0.294,0.000,498,1644,91
5277.638,-1.000,0.396,0.000,498,1644,160
5292.623,-1.000,0.279,0.000,498,1644,6
5305.628,-1.000,3.441,0.000,498,1644,107
5303.622,-1.000,5.705,0.000,498,1762,101
5321.657,-1.000,0.288,0.000,498,1644,128
5332.643,-1.000,0.235,0.000,498,1938,12
5334.644,-1.000,3.587,0.000,498,1644,121
5332.643,-1.000,5.780,0.000,498,1762,95
5341.620,-1.000,0.281,0.000,498,1644,14
5347.644,-1.000,0.233,0.000,498,1644,144
5351.620,-1.000,5.439,0.000,498,1756,89
5363.612,-1.000,0.291,0.000,498,1644,99
5363.612,-1.000,0.692,0.000,498,1644,155
5362.637,-1.000,1.608,0.133,498,6083,27
5366.642,-1.000,5.329,0.000,498,1774,81
5362.637,-1.000,11.923,0.076,498,5763,160
5377.642,-1.000,0.278,0.000,498,2320,161
5385.646,-1.000,0.283,0.000,498,1938,118
5394.635,-1.000,0.236,0.000,498,1644,124
5406.619,-1.000,0.236,0.000,498,1644,123
5409.613,-1.000,0.229,0.000,498,1644,9
5411.612,-1.000,10.242,0.068,498,5763,121
5411.612,-1.000,10.452,0.000,498,1596,58
5426.646,-1.000,0.272,0.000,498,1923,64
5430.642,-1.000,0.235,0.000,498,1644,149
5437.607,-1.000,0.283,0.000,498,2473,25
5439.641,-1.000,5.020,0.000,498,5763,124
5451.647,-1.000,5.532,0.000,498,1760,15
5460.633,-1.000,0.271,0.000,498,1644,25
5471.604,-1.000,0.282,0.000,498,2320,73
5473.639,-1.000,0.228,0.000,498,1644,106
5493.604,-1.000,1.491,0.000,498,2655,81
5492.639,-1.000,2.842,0.000,498,5763,99
5496.635,-1.000,0.270,0.000,498,1923,121
5504.618,-1.000,2.239,0.117,498,5763,37
5504.618,-1.000,2.854,0.000,498,1596,31
5515.614,-1.000,5.138,0.101,498,5763,163
5528.604,-1.000,0.288,0.000,498,1644,159
5533.604,-1.000,0.271,0.000,498,1938,148
5534.641,-1.000,0.227,0.000,498,1938,155
5539.606,-1.000,4.577,0.192,498,10112,110
5538.637,-1.000,6.507,0.117,498,5763,142
5553.616,-1.000,0.271,0.000,498,1644,58
5560.601,-1.000,0.278,0.000,498,1644,11
5560.601,-1.000,0.394,0.000,498,2473,55
5555.621,-1.000,5.442,0.352,498,10112,115
5554.609,-1.000,10.191,0.118,498,5763,76
5566.632,-1.000,5.528,0.000,498,1778,94
5573.622,-1.000,2.018,0.000,498,703,12
