10:37:47 AM      eth0      6.00      6.00      0.48      0.76      0.00      0.00      0.00
10:37:48 AM      eth0    227.00    183.00     19.53    137.60      0.00      0.00      0.00
10:37:49 AM      eth0    297.00    237.00     26.13    226.89      0.00      0.00      0.00
10:37:50 AM      eth0    356.00    279.00     31.45    270.02      0.00      0.00      0.00
10:37:51 AM      eth0    523.00    432.00     45.65    462.32      0.00      0.00      0.00
10:37:52 AM      eth0    531.00    408.00     48.23    410.73      0.00      0.00      0.00
10:37:53 AM      eth0    703.00    548.00     62.63    594.18      0.00      0.00      0.00
10:37:54 AM      eth0    697.00    548.00     62.86    596.83      0.00      0.00      0.00
10:37:55 AM      eth0    863.00    668.00     78.73    725.26      0.00      0.00      0.00
10:37:56 AM      eth0   1002.00    786.00     91.25    856.70      0.00      0.00      0.00
10:37:57 AM      eth0   1087.00    846.00    100.35    944.39      0.00      0.00      0.00
10:37:58 AM      eth0   1102.00    867.00    102.63    935.80      0.00      0.00      0.00
10:37:59 AM      eth0   1176.00    910.00    109.30    999.62      0.00      0.00      0.00
10:38:00 AM      eth0   1332.00   1018.00    124.63   1101.68      0.00      0.00      0.00
10:38:01 AM      eth0   1463.00   1115.00    136.27   1246.27      0.00      0.00      0.00
10:38:02 AM      eth0   1411.00   1130.00    131.18   1263.73      0.00      0.00      0.00
10:38:03 AM      eth0   1548.00   1218.00    144.89   1335.95      0.00      0.00      0.00
10:38:04 AM      eth0   1569.00   1215.00    145.89   1348.02      0.00      0.00      0.00
10:38:05 AM      eth0   1878.00   1463.00    175.80   1609.67      0.00      0.00      0.00
10:38:06 AM      eth0   1769.00   1402.00    166.04   1546.25      0.00      0.00      0.00
10:38:07 AM      eth0   1759.00   1376.00    166.47   1541.88      0.00      0.00      0.00
