10:50:40 AM      eth0      7.00      6.00      0.54      0.76      0.00      0.00      0.00
10:50:41 AM      eth0    126.00    102.00     10.82     77.38      0.00      0.00      2.00
10:50:42 AM      eth0    208.00    168.00     18.34    146.71      0.00      0.00      0.00
10:50:43 AM      eth0    217.00    167.00     19.25    176.63      0.00      0.00      0.00
10:50:44 AM      eth0    309.00    260.00     27.02    278.92      0.00      0.00      0.00
10:50:45 AM      eth0    273.00    227.00     24.28    246.88      0.00      0.00      0.00
10:50:46 AM      eth0    383.00    294.00     35.47    312.28      0.00      0.00      0.00
10:50:47 AM      eth0    358.00    279.00     32.23    295.04      0.00      0.00      0.00
10:50:48 AM      eth0    478.00    383.00     42.96    431.65      0.00      0.00      0.00
10:50:49 AM      eth0    506.00    391.00     45.90    423.75      0.00      0.00      0.00
10:50:50 AM      eth0    556.00    442.00     51.96    485.42      0.00      0.00      0.00
10:50:51 AM      eth0    666.00    527.00     60.47    581.11      0.00      0.00      0.00
10:50:52 AM      eth0    572.00    443.00     53.20    507.37      0.00      0.00      0.00
10:50:53 AM      eth0    626.00    474.00     60.15    511.46      0.00      0.00      0.00
10:50:54 AM      eth0    784.00    597.00     72.91    672.89      0.00      0.00      0.00
10:50:55 AM      eth0    815.00    631.00     77.33    688.66      0.00      0.00      0.00
10:50:56 AM      eth0    848.00    683.00     79.71    764.91      0.00      0.00      0.00
10:50:57 AM      eth0    833.00    645.00     78.47    708.40      0.00      0.00      0.00
10:50:58 AM      eth0    915.00    725.00     85.56    828.33      0.00      0.00      0.00
10:50:59 AM      eth0    917.00    710.00     86.54    793.82      0.00      0.00      0.00
10:51:00 AM      eth0   1031.00    794.00     97.09    864.24      0.00      0.00      0.00
10:51:01 AM      eth0   1111.00    849.00    104.65    947.08      0.00      0.00      0.00
10:51:02 AM      eth0   1081.00    839.00    102.58    933.01      0.00      0.00      0.00
10:51:03 AM      eth0   1224.00    939.00    117.09   1026.43      0.00      0.00      0.00
10:51:04 AM      eth0   1038.00    813.00     99.01    916.51      0.00      0.00      0.00
10:51:05 AM      eth0   1132.00    851.00    107.34    957.49      0.00      0.00      0.00
10:51:06 AM      eth0   1018.00    773.00     97.56    849.42      0.00      0.00      0.00
10:51:07 AM      eth0   1109.00    857.00    105.52    967.37      0.00      0.00      0.00
10:51:08 AM      eth0   1089.00    819.00    106.45    892.42      0.00      0.00      0.00
10:51:09 AM      eth0   1063.00    816.00    101.80    906.57      0.00      0.00      0.00
10:51:10 AM      eth0   1197.00    904.00    116.04    994.55      0.00      0.00      0.00
10:51:11 AM      eth0   1061.00    792.00    102.51    873.34      0.00      0.00      0.00
10:51:12 AM      eth0    962.00    708.00     94.23    798.66      0.00      0.00      0.00
10:51:13 AM      eth0   1100.00    836.00    107.33    945.08      0.00      0.00      0.00
10:51:14 AM      eth0   1192.00    908.00    115.10   1029.32      0.00      0.00      0.00
10:51:15 AM      eth0   1097.00    834.00    107.56    945.86      0.00      0.00      0.00
10:51:16 AM      eth0   1064.00    799.00    102.77    910.95      0.00      0.00      0.00
10:51:17 AM      eth0   1038.00    793.00     99.92    891.00      0.00      0.00      0.00
