10:49:38 AM      eth0      5.00      4.00      0.42      0.43      0.00      0.00      0.00
10:49:39 AM      eth0    177.00    141.00     15.13    104.00      0.00      0.00      0.00
10:49:40 AM      eth0    250.00    197.00     22.30    182.15      0.00      0.00      0.00
10:49:41 AM      eth0    285.00    225.00     25.04    224.73      0.00      0.00      0.00
10:49:42 AM      eth0    323.00    275.00     28.43    295.24      0.00      0.00      0.00
10:49:43 AM      eth0    435.00    350.00     38.94    381.41      0.00      0.00      0.00
10:49:44 AM      eth0    490.00    384.00     44.89    396.84      0.00      0.00      0.00
10:49:45 AM      eth0    524.00    420.00     47.11    459.06      0.00      0.00      0.00
10:49:46 AM      eth0    587.00    465.00     52.89    502.75      0.00      0.00      0.00
10:49:47 AM      eth0    724.00    564.00     66.46    627.76      0.00      0.00      0.00
10:49:48 AM      eth0    722.00    570.00     66.52    640.56      0.00      0.00      0.00
10:49:49 AM      eth0    815.00    631.00     74.83    692.53      0.00      0.00      0.00
10:49:50 AM      eth0    946.00    736.00     89.96    803.25      0.00      0.00      0.00
10:49:51 AM      eth0    903.00    704.00     85.31    767.33      0.00      0.00      0.00
10:49:52 AM      eth0    993.00    804.00     93.13    899.99      0.00      0.00      0.00
10:49:53 AM      eth0   1013.00    796.00     94.31    876.86      0.00      0.00      0.00
10:49:54 AM      eth0   1151.00    884.00    109.38    964.70      0.00      0.00      0.00
10:49:55 AM      eth0   1114.00    837.00    104.08    909.77      0.00      0.00      0.00
10:49:56 AM      eth0   1193.00    926.00    112.89   1012.14      0.00      0.00      0.00
10:49:57 AM      eth0   1096.00    861.00    104.80    970.83      0.00      0.00      6.00
10:49:58 AM      eth0   1141.00    880.00    109.18    964.75      0.00      0.00      0.00
10:49:59 AM      eth0    983.00    740.00     95.87    802.48      0.00      0.00      0.00
10:50:00 AM      eth0   1162.00    901.00    110.24    993.42      0.00      0.00      0.00
10:50:01 AM      eth0   1230.00    930.00    118.04   1029.39      0.00      0.00      0.00
10:50:02 AM      eth0   1041.00    798.00     99.37    926.90      0.00      0.00      0.00
10:50:03 AM      eth0   1008.00    761.00     97.42    874.74      0.00      0.00      0.00
10:50:04 AM      eth0   1009.00    729.00     98.53    801.93      0.00      0.00      0.00
10:50:05 AM      eth0   1106.00    857.00    105.71    990.87      0.00      0.00      0.00
