10:18:25 AM      eth0      4.00      3.00      0.35      0.37      0.00      0.00      2.00
10:18:26 AM      eth0    184.00    148.00     15.77    108.75      0.00      0.00      0.00
10:18:27 AM      eth0    266.00    209.00     23.60    193.13      0.00      0.00      0.00
10:18:28 AM      eth0    308.00    239.00     27.03    236.37      0.00      0.00      0.00
10:18:29 AM      eth0    354.00    299.00     30.97    329.18      0.00      0.00      0.00
10:18:30 AM      eth0    523.00    412.00     46.64    429.77      0.00      0.00      0.00
10:18:31 AM      eth0    523.00    400.00     47.89    421.22      0.00      0.00      0.00
10:18:32 AM      eth0    587.00    462.00     52.28    504.67      0.00      0.00      0.00
10:18:33 AM      eth0    668.00    516.00     60.08    558.96      0.00      0.00      0.00
10:18:34 AM      eth0    768.00    606.00     70.29    689.40      0.00      0.00      0.00
10:18:35 AM      eth0    816.83    627.72     74.76    680.16      0.00      0.00      0.00
10:18:36 AM      eth0    984.00    755.00     91.32    830.07      0.00      0.00      0.00
10:18:37 AM      eth0    968.00    753.00     91.03    828.86      0.00      0.00      0.00
10:18:38 AM      eth0   1002.00    781.00     94.02    861.68      0.00      0.00      0.00
10:18:39 AM      eth0   1051.00    819.00     98.22    885.85      0.00      0.00      0.00
10:18:40 AM      eth0   1292.00    988.00    120.41   1108.28      0.00      0.00      0.00
10:18:41 AM      eth0   1206.00    922.00    112.41   1011.51      0.00      0.00      0.00
10:18:42 AM      eth0   1374.00   1079.00    128.21   1209.31      0.00      0.00      0.00
10:18:43 AM      eth0   1369.00   1070.00    128.17   1209.01      0.00      0.00      0.00
10:18:44 AM      eth0   1456.00   1131.00    137.10   1268.21      0.00      0.00      0.00
10:18:45 AM      eth0   1470.00   1117.00    138.47   1216.39      0.00      0.00      0.00
10:18:46 AM      eth0   1774.00   1403.00    163.98   1561.97      0.00      0.00      0.00
10:18:47 AM      eth0   1701.00   1341.00    161.86   1428.97      0.00      0.00      0.00
10:18:48 AM      eth0   1769.00   1408.00    165.84   1522.55      0.00      0.00      0.00
10:18:49 AM      eth0   1837.00   1451.00    172.28   1608.83      0.00      0.00      0.00
10:18:50 AM      eth0   1780.00   1433.00    169.59   1500.15      0.00      0.00      0.00
10:18:51 AM      eth0   1883.00   1500.00    178.99   1623.49      0.00      0.00      0.00
10:18:52 AM      eth0   1927.00   1542.00    182.76   1647.24      0.00      0.00      0.00
10:18:53 AM      eth0   1974.00   1634.00    188.71   1682.73      0.00      0.00      0.00
10:18:54 AM      eth0   2058.00   1691.00    194.94   1748.04      0.00      0.00      0.00
10:18:55 AM      eth0   2102.00   1741.00    199.17   1817.34      0.00      0.00      0.00
10:18:56 AM      eth0   2161.00   1816.00    210.42   1784.84      0.00      0.00      0.00
10:18:57 AM      eth0   2129.00   1786.00    202.38   1751.12      0.00      0.00      0.00
10:18:58 AM      eth0   2099.00   1875.00    200.20   1818.55      0.00      0.00      0.00
10:18:59 AM      eth0   2194.00   1951.00    206.29   1874.68      0.00      0.00      0.00
10:19:00 AM      eth0   2109.00   1897.00    201.30   1799.32      0.00      0.00      0.00
