10:27:13 AM      eth0      5.00      5.00      0.42      0.56      0.00      0.00      0.00
10:27:14 AM      eth0    400.00    317.00     34.56    243.18      0.00      0.00      0.00
10:27:15 AM      eth0    492.00    395.00     42.86    357.96      0.00      0.00      0.00
10:27:16 AM      eth0    569.00    437.00     51.94    397.22      0.00      0.00      0.00
10:27:17 AM      eth0    580.00    456.00     52.57    426.77      0.00      0.00      0.00
10:27:18 AM      eth0    716.00    559.00     65.47    514.89      0.00      0.00      0.00
10:27:19 AM      eth0    796.00    625.00     71.69    624.22      0.00      0.00      0.00
10:27:20 AM      eth0    890.00    705.00     80.16    741.35      0.00      0.00      0.00
10:27:21 AM      eth0    950.00    744.00     86.23    788.22      0.00      0.00      0.00
10:27:22 AM      eth0   1247.00    979.00    114.33   1024.48      0.00      0.00      0.00
10:27:23 AM      eth0   1154.00    917.00    107.55    967.85      0.00      0.00      0.00
10:27:24 AM      eth0   1296.00   1006.00    119.97   1063.61      0.00      0.00      0.00
10:27:25 AM      eth0   1332.00   1044.00    122.70   1087.34      0.00      0.00      0.00
10:27:26 AM      eth0   1573.00   1222.00    146.31   1286.19      0.00      0.00      0.00
10:27:27 AM      eth0   1794.00   1427.00    164.50   1570.86      0.00      0.00      0.00
10:27:28 AM      eth0   1628.00   1263.00    151.56   1360.42      0.00      0.00      0.00
10:27:29 AM      eth0   2007.00   1549.00    185.79   1653.49      0.00      0.00      0.00
10:27:30 AM      eth0   2045.00   1642.00    190.14   1724.10      0.00      0.00      0.00
10:27:31 AM      eth0   2128.00   1708.00    197.91   1805.12      0.00      0.00      0.00
10:27:32 AM      eth0   2149.00   1763.00    202.69   1775.30      0.00      0.00      6.00
10:27:33 AM      eth0   2237.00   1873.00    208.32   1953.91      0.00      0.00      0.00
10:27:34 AM      eth0   2994.00   1995.00    232.30   1425.59      0.00      0.00      0.00
