10:44:11 AM      eth0      5.00      5.00      0.42      0.56      0.00      0.00      0.00
10:44:12 AM      eth0    126.00    102.00     10.82     77.38      0.00      0.00      0.00
10:44:13 AM      eth0    208.00    168.00     18.34    146.71      0.00      0.00      0.00
10:44:14 AM      eth0    217.00    167.00     19.25    176.63      0.00      0.00      0.00
10:44:15 AM      eth0    312.00    260.00     27.21    278.92      0.00      0.00      0.00
10:44:16 AM      eth0    280.00    227.00     24.73    246.88      0.00      0.00      0.00
10:44:17 AM      eth0    387.00    294.00     35.64    312.28      0.00      0.00      0.00
10:44:18 AM      eth0    363.00    279.00     32.63    295.04      0.00      0.00      0.00
10:44:19 AM      eth0    470.00    383.00     42.28    431.65      0.00      0.00      0.00
10:44:20 AM      eth0    510.00    391.00     46.23    423.75      0.00      0.00      0.00
10:44:21 AM      eth0    562.00    441.00     52.44    485.36      0.00      0.00      0.00
10:44:22 AM      eth0    673.00    527.00     60.92    581.11      0.00      0.00      0.00
10:44:23 AM      eth0    572.00    443.00     53.20    507.37      0.00      0.00      0.00
10:44:24 AM      eth0    627.00    472.00     60.20    510.94      0.00      0.00      0.00
10:44:25 AM      eth0    787.00    600.00     73.22    676.06      0.00      0.00      0.00
10:44:26 AM      eth0    813.00    627.00     77.10    685.81      0.00      0.00      0.00
10:44:27 AM      eth0    860.00    682.00     80.64    764.54      0.00      0.00      0.00
10:44:28 AM      eth0    828.00    644.00     77.81    707.02      0.00      0.00      0.00
10:44:29 AM      eth0    937.00    747.00     87.67    847.86      0.00      0.00      0.00
10:44:30 AM      eth0    891.00    691.00     84.63    768.48      0.00      0.00      0.00
10:44:31 AM      eth0   1060.00    814.00     98.57    890.16      0.00      0.00      0.00
10:44:32 AM      eth0   1110.00    842.00    104.78    934.38      0.00      0.00      0.00
10:44:33 AM      eth0   1087.00    844.00    102.77    939.30      0.00      0.00      0.00
10:44:34 AM      eth0   1321.00   1025.00    124.40   1128.33      0.00      0.00      0.00
10:44:35 AM      eth0   1218.00    943.00    114.84   1068.49      0.00      0.00      0.00
10:44:36 AM      eth0   1323.00    990.00    123.95   1119.63      0.00      0.00      0.00
10:44:37 AM      eth0   1221.00    942.00    114.98   1054.13      0.00      0.00      0.00
10:44:38 AM      eth0   1348.00   1033.00    127.13   1165.12      0.00      0.00      0.00
10:44:39 AM      eth0   1367.00   1042.00    130.83   1149.01      0.00      0.00      0.00
10:44:40 AM      eth0   1434.00   1107.00    134.52   1258.24      0.00      0.00      0.00
10:44:41 AM      eth0   1649.00   1259.00    156.46   1393.17      0.00      0.00      0.00
10:44:42 AM      eth0   1601.00   1220.00    151.36   1364.79      0.00      0.00      0.00
10:44:43 AM      eth0   1437.00   1068.00    138.47   1181.71      0.00      0.00      0.00
10:44:44 AM      eth0   1647.00   1270.00    157.62   1412.88      0.00      0.00      0.00
10:44:45 AM      eth0   1843.00   1444.00    175.49   1564.96      0.00      0.00      0.00
10:44:46 AM      eth0   1645.00   1288.00    158.83   1400.15      0.00      0.00      0.00
10:44:47 AM      eth0   1690.00   1350.00    161.48   1472.63      0.00      0.00      0.00
10:44:48 AM      eth0   1597.00   1251.00    153.70   1399.13      0.00      0.00      0.00
