10:47:34 AM      eth0      3.00      2.00      0.19      0.30      0.00      0.00      0.00
10:47:35 AM      eth0     82.00     67.00      7.09     50.04      0.00      0.00      0.00
10:47:36 AM      eth0    132.00    106.00     11.68     98.93      0.00      0.00      0.00
10:47:37 AM      eth0    135.00    105.00     12.12     94.00      0.00      0.00      0.00
10:47:38 AM      eth0    204.00    170.00     18.00    180.78      0.00      0.00      0.00
10:47:39 AM      eth0    224.00    191.00     19.60    223.59      0.00      0.00      0.00
10:47:40 AM      eth0    212.00    168.00     19.08    176.53      0.00      0.00      0.00
10:47:41 AM      eth0    284.00    225.00     26.16    244.55      0.00      0.00      0.00
10:47:42 AM      eth0    248.00    188.00     22.94    203.17      0.00      0.00      0.00
10:47:43 AM      eth0    320.00    259.00     28.43    296.99      0.00      0.00      0.00
10:47:44 AM      eth0    251.00    190.00     22.97    206.53      0.00      0.00      0.00
10:47:45 AM      eth0    408.00    322.00     37.84    364.50      0.00      0.00      0.00
10:47:46 AM      eth0    425.00    332.00     38.57    369.37      0.00      0.00      0.00
10:47:47 AM      eth0    336.00    280.00     31.70    337.06      0.00      0.00      0.00
10:47:48 AM      eth0    314.00    246.00     31.11    276.62      0.00      0.00      0.00
10:47:49 AM      eth0    298.00    226.00     28.11    266.26      0.00      0.00      0.00
10:47:50 AM      eth0    345.00    261.00     34.33    297.80      0.00      0.00      0.00
