49.539,0.117,0.745,0.000,1,2473,1
264.994,0.138,0.499,0.000,2,2473,2
285.985,-1.000,0.217,0.000,2,1644,2
307.005,0.135,0.513,0.000,3,2473,3
317.979,0.104,0.485,0.000,4,2473,4
391.973,0.134,0.544,0.055,5,2473,5
524.985,0.105,0.496,0.000,6,2473,6
549.988,-1.000,0.217,0.000,6,1644,6
565.962,0.103,0.483,0.000,7,2473,7
587.985,0.103,0.484,0.000,8,2473,8
638.981,0.103,0.485,0.000,9,2473,9
793.965,-1.000,0.248,0.051,9,2320,5
798.969,0.105,0.513,0.000,10,2473,10
815.960,-1.000,0.208,0.000,11,1644,5
815.960,0.111,0.475,0.000,11,2473,11
817.950,-1.000,0.216,0.048,11,1644,8
931.940,-1.000,5.323,0.000,11,5763,5
955.952,0.112,0.546,0.000,12,2473,12
966.932,-1.000,0.247,0.000,12,2320,9
997.934,0.133,0.514,0.000,13,2473,13
1014.928,0.105,0.493,0.000,14,2473,14
1028.938,0.103,0.485,0.000,15,2473,15
1035.939,0.104,0.483,0.000,16,2473,16
1044.946,-1.000,0.246,0.000,16,2320,1
1109.927,0.135,0.514,0.000,17,2473,17
1134.947,0.107,0.493,0.000,18,2473,18
1138.939,0.103,0.485,0.000,19,2473,19
1147.940,-1.000,0.247,0.000,19,1938,9
1154.939,-1.000,0.216,0.000,19,1644,1
1163.932,-1.000,0.247,0.000,19,1644,11
1293.929,-1.000,5.734,0.000,19,703,9
1502.916,-1.000,0.339,0.000,19,2320,3
1509.897,-1.000,4.917,0.344,19,10112,6
1515.894,-1.000,0.246,0.052,19,1644,13
1532.917,-1.000,1.703,0.000,19,2653,9
1548.897,0.138,0.543,0.000,20,2473,20
1565.911,-1.000,0.216,0.000,20,2320,20
1590.913,-1.000,0.219,0.000,20,1644,6
1639.896,-1.000,0.249,0.000,20,1938,2
1641.888,-1.000,0.217,0.000,20,1644,2
1662.884,-1.000,0.250,0.000,20,1644,17
1682.887,-1.000,0.247,0.000,20,1644,15
1728.885,0.109,0.486,0.000,21,2473,21
1737.875,-1.000,5.102,0.133,21,5763,11
1767.894,-1.000,0.248,0.047,21,1644,18
1831.890,-1.000,8.922,0.342,21,10112,1
1833.890,-1.000,8.018,0.102,21,5763,13
1853.869,-1.000,0.249,0.050,21,1644,12
1856.882,0.106,0.545,0.000,22,2473,22
1888.891,-1.000,0.248,0.000,22,1644,4
1916.867,-1.000,0.280,0.000,22,1923,20
1938.884,-1.000,1.975,0.000,22,703,9
1965.883,-1.000,0.247,0.000,22,1923,11
1980.875,0.108,0.514,0.048,23,2473,23
2058.857,0.134,0.515,0.000,24,2473,24
2061.862,-1.000,0.246,0.000,24,1644,7
2075.853,-1.000,0.277,0.000,24,1938,6
2131.863,-1.000,1.675,0.120,24,6083,1
2133.872,-1.000,0.246,0.000,24,2473,20
2198.852,0.136,0.514,0.000,25,2473,25
2222.846,0.104,0.484,0.000,26,2473,26
2228.844,-1.000,0.216,0.000,26,1644,6
2236.841,0.103,0.487,0.000,27,2473,27
2255.839,-1.000,0.246,0.000,27,1644,19
2290.855,0.105,0.486,0.000,28,2473,28
2313.855,0.103,0.485,0.000,29,2473,29
2335.840,-1.000,1.608,0.000,29,2655,9
2446.849,-1.000,0.306,0.049,29,1644,11
2488.846,-1.000,0.247,0.000,29,1644,3
2502.824,0.106,0.546,0.000,30,2473,30
2548.830,-1.000,1.438,0.000,30,1659,9
2656.834,0.106,0.515,0.000,31,2473,31
2692.812,0.126,0.494,0.000,32,2473,32
2694.824,-1.000,0.247,0.000,32,2473,13
2700.828,0.112,1.289,0.000,33,2473,33
2700.828,-1.000,2.164,0.000,33,1596,1
2724.811,-1.000,0.247,0.000,33,1644,5
2775.818,-1.000,1.830,0.046,33,1644,27
2775.818,-1.000,5.262,0.147,33,5763,17
2792.808,-1.000,0.247,0.000,33,2320,22
2795.823,-1.000,0.247,0.000,33,1644,29
2800.803,-1.000,0.245,0.000,33,1644,32
2812.808,-1.000,4.990,0.048,33,5763,32
2828.816,-1.000,5.012,0.133,33,5763,7
2894.801,-1.000,0.277,0.000,33,1644,26
2913.813,-1.000,0.252,0.000,33,1938,15
2927.809,-1.000,1.380,0.000,33,311,9
2935.795,0.126,0.554,0.000,35,2473,34
2935.795,0.157,0.896,0.041,35,2473,35
2938.787,-1.000,0.216,0.000,35,1644,34
2951.806,-1.000,1.821,0.000,35,703,9
3052.781,-1.000,5.128,0.133,35,5763,29
3082.801,-1.000,5.885,0.000,35,1754,32
3092.802,-1.000,0.281,0.000,35,2473,7
3092.802,-1.000,1.665,0.135,35,5763,11
3106.795,-1.000,5.217,0.133,35,5763,4
3136.781,0.136,0.545,0.000,36,2473,36
3177.788,0.105,0.490,0.000,37,2473,37
3212.787,-1.000,0.248,0.000,37,1644,10
3224.780,-1.000,0.248,0.000,37,1644,28
3253.766,-1.000,0.247,0.000,37,1644,35
3255.788,0.106,0.484,0.000,38,2473,38
3280.769,0.104,0.486,0.000,39,2473,39
3282.771,-1.000,5.703,0.000,39,1762,4
3306.784,0.105,0.545,0.000,40,2473,40
3329.764,-1.000,0.246,0.000,40,1644,7
3358.780,-1.000,0.247,0.000,40,1938,2
3364.772,0.104,0.486,0.000,41,2473,41
3399.780,-1.000,0.306,0.000,41,1644,36
3422.755,0.104,0.515,0.000,42,2473,42
3429.769,-1.000,0.247,0.000,42,1644,39
3444.775,-1.000,0.216,0.000,42,1644,2
3482.768,-1.000,1.617,0.054,42,5763,7
3491.761,-1.000,0.248,0.000,42,1644,31
3506.765,-1.000,0.247,0.000,42,2320,23
3510.766,-1.000,0.246,0.000,42,1644,16
3545.754,-1.000,0.248,0.000,42,1938,27
3547.767,-1.000,0.246,0.000,42,1644,40
3559.758,-1.000,0.248,0.000,42,2473,11
3574.741,-1.000,4.985,0.000,42,5763,39
3569.761,-1.000,4.831,5.185,42,10112,2
3581.761,-1.000,0.248,0.000,42,1644,17
3596.744,-1.000,0.248,0.000,42,1644,33
3671.760,-1.000,0.250,0.000,42,2320,42
3678.750,-1.000,0.248,0.000,42,1644,41
3680.744,-1.000,0.247,0.000,42,1938,16
3684.755,-1.000,0.216,0.000,42,1644,16
3689.734,-1.000,0.247,0.000,42,1644,22
3762.730,-1.000,0.217,0.000,42,1938,22
3771.727,-1.000,1.378,0.183,42,10112,6
3773.741,-1.000,0.246,0.000,42,2473,4
3784.730,-1.000,0.216,0.046,42,1644,42
3815.744,-1.000,1.384,0.138,42,10112,5
3822.723,-1.000,2.882,0.000,42,2320,38
3818.724,-1.000,7.461,0.373,42,10112,8
3816.733,-1.000,10.577,0.101,42,5763,18
3853.738,-1.000,0.248,0.000,42,1938,34
3859.722,0.141,0.516,0.000,43,2473,43
3863.741,-1.000,5.007,0.132,43,5763,19
3892.735,0.104,0.515,0.048,44,2473,44
3895.729,-1.000,0.247,0.000,44,1644,32
3908.737,-1.000,0.280,0.000,44,1644,24
3939.718,-1.000,4.844,0.328,44,10112,3
3973.725,-1.000,0.248,0.048,44,1644,25
3991.717,-1.000,0.250,0.000,44,1644,21
3998.737,-1.000,0.247,0.053,44,1644,7
4015.726,-1.000,0.247,0.000,44,2320,14
4036.736,-1.000,0.247,0.000,44,1644,43
4041.715,-1.000,0.216,0.000,44,1644,22
4085.729,-1.000,5.430,0.133,44,5763,33
4150.715,-1.000,1.586,0.112,44,6083,8
4156.718,-1.000,0.247,0.000,44,1938,32
4163.701,-1.000,0.215,0.000,44,1644,8
4165.716,-1.000,5.061,0.164,44,5763,16
4187.718,-1.000,1.525,0.106,44,6083,3
4211.717,-1.000,4.759,0.297,44,10112,41
4228.696,-1.000,5.140,0.000,44,1644,16
4228.696,-1.000,4.994,0.189,44,5763,25
4260.696,0.141,0.544,0.000,45,2473,45
4297.713,-1.000,0.275,0.000,45,2473,32
4314.709,-1.000,0.246,0.000,45,1644,4
4328.695,-1.000,0.217,0.046,45,1644,27
4347.703,-1.000,5.167,0.133,45,5763,43
4353.691,-1.000,0.246,0.000,45,1644,13
4375.692,-1.000,0.247,0.000,45,1644,39
4384.687,-1.000,5.009,0.135,45,5763,22
4390.696,0.135,0.603,0.046,46,2473,46
4421.703,0.134,0.486,0.000,47,2473,47
4432.684,-1.000,0.247,0.000,47,1644,37
4433.684,-1.000,0.246,0.000,47,1644,30
4439.705,-1.000,0.246,0.000,47,1644,45
4449.680,-1.000,0.216,0.045,47,1644,32
4451.695,-1.000,4.904,0.331,47,10112,40
4483.691,-1.000,0.277,0.000,47,2473,1
4507.680,-1.000,0.246,0.000,47,1644,46
4511.677,0.106,0.515,0.000,48,2473,48
4512.699,-1.000,0.245,0.000,48,1644,34
4520.673,-1.000,0.217,0.041,48,1644,47
4535.696,-1.000,5.058,0.142,48,5763,12
4583.686,-1.000,0.247,0.000,48,1644,15
4589.669,-1.000,0.246,0.000,48,1644,29
4621.685,-1.000,1.526,0.132,48,5763,16
4632.673,-1.000,4.993,0.143,48,5763,27
4637.666,-1.000,1.369,0.000,48,5763,32
4670.691,-1.000,4.967,0.065,48,5763,47
4688.679,-1.000,5.003,0.134,48,5763,21
4697.685,-1.000,4.742,0.303,48,10112,46
4706.670,-1.000,4.990,0.145,48,5763,45
4740.680,-1.000,4.749,0.299,48,10112,31
4755.669,-1.000,0.278,0.000,48,2320,1
4754.663,-1.000,1.600,0.135,48,5763,39
4764.661,-1.000,0.247,0.043,48,1644,38
4787.657,0.140,0.520,0.000,49,2473,49
4804.668,-1.000,0.216,0.000,49,1923,39
4807.667,-1.000,1.378,0.137,49,5763,4
4845.657,-1.000,4.738,0.297,49,10112,34
4852.664,-1.000,5.589,0.000,49,1760,32
4872.671,-1.000,0.277,0.000,49,1644,20
4876.671,-1.000,0.246,0.000,49,2473,12
4881.669,-1.000,0.215,0.042,49,1644,1
4932.662,-1.000,0.945,0.000,49,1938,38
4932.662,-1.000,1.584,0.116,49,6083,5
4996.648,0.139,0.546,0.048,50,2473,50
5006.646,-1.000,1.526,0.116,50,6083,6
5048.649,-1.000,0.247,0.000,50,1644,50
5064.641,-1.000,0.217,0.046,50,1644,12
5109.630,0.135,0.604,0.000,51,2473,51
5110.651,-1.000,0.246,0.000,51,1938,36
5127.631,-1.000,0.246,0.000,51,1938,50
5130.651,-1.000,0.246,0.000,51,1938,17
5148.635,-1.000,5.831,0.000,51,1596,6
5182.637,-1.000,0.277,0.000,51,1644,44
5197.635,-1.000,1.870,0.000,51,1644,51
5197.635,-1.000,5.313,0.131,51,5763,30
5226.648,0.106,0.547,0.046,52,2473,52
5248.620,-1.000,0.246,0.000,52,1644,4
5278.621,-1.000,0.248,0.000,52,1644,23
5304.631,-1.000,0.216,0.000,52,1938,51
5306.619,-1.000,0.217,0.000,52,1938,23
5308.632,-1.000,0.216,0.044,52,1644,33
5311.623,-1.000,0.216,0.000,52,1644,51
5327.642,-1.000,3.056,0.141,52,6083,34
5327.642,-1.000,6.476,0.134,52,5763,26
5338.619,-1.000,0.247,0.000,52,1644,39
5352.630,-1.000,1.378,0.158,52,10112,13
5360.630,0.136,0.516,0.042,53,2473,53
5384.629,-1.000,4.816,0.329,53,10112,20
5387.619,-1.000,2.286,0.000,53,1644,26
5392.613,-1.000,0.306,0.000,53,1938,28
5398.628,-1.000,0.247,0.000,53,1644,49
5437.625,-1.000,4.892,0.332,53,10112,10
5471.628,-1.000,0.280,0.000,53,1644,48
5510.626,-1.000,5.704,0.044,53,1756,18
5553.606,-1.000,0.277,0.000,53,1644,50
5587.612,-1.000,5.045,0.140,53,5763,51
5608.607,-1.000,1.479,0.133,53,5763,33
5652.593,-1.000,0.246,0.081,53,1938,24
5666.609,-1.000,0.236,0.000,53,1644,41
5714.630,-1.000,0.236,0.000,53,1938,42
5731.590,-1.000,0.235,0.000,53,1644,6
5751.611,0.119,0.550,0.000,54,2473,54
5760.615,-1.000,0.235,0.000,54,2473,30
5803.602,-1.000,0.236,0.000,54,1644,53
5807.616,-1.000,1.530,0.165,54,5763,26
5831.587,-1.000,0.235,0.000,54,1644,42
5834.593,-1.000,5.748,0.065,54,1768,22
5840.591,-1.000,0.278,0.000,54,1644,21
5853.599,-1.000,5.636,0.000,54,1760,27
5885.576,-1.000,0.280,0.000,54,1923,33
5886.587,-1.000,5.551,0.000,54,1772,16
5908.579,-1.000,4.853,0.306,54,10112,44
5936.575,0.115,0.550,0.000,55,2473,55
5945.571,-1.000,4.968,0.163,55,5763,50
5953.609,-1.000,0.280,0.000,55,1644,9
5957.613,-1.000,0.234,0.000,55,1644,28
5963.598,-1.000,1.347,0.000,55,311,18
5965.593,0.111,0.549,0.000,56,2473,56
5967.607,-1.000,5.509,0.000,56,703,23
5980.576,-1.000,0.280,0.000,56,2473,3
5995.592,-1.000,1.398,0.188,56,10112,39
6003.592,-1.000,5.016,0.000,56,5763,28
6014.581,-1.000,1.500,0.128,56,6083,46
6023.598,-1.000,1.489,0.066,56,6083,44
6038.572,-1.000,1.349,0.000,56,311,22
6076.580,-1.000,1.532,0.000,56,1596,46
6085.579,-1.000,7.014,0.066,56,6083,39
6085.579,-1.000,11.620,0.000,56,1778,18
6103.581,-1.000,5.159,0.108,56,5763,15
6115.592,0.111,0.592,0.000,57,2473,57
6120.563,-1.000,0.233,0.067,57,1938,14
6122.601,-1.000,0.233,0.000,57,1923,26
6125.574,-1.000,0.236,0.000,57,1644,17
6165.556,-1.000,0.235,0.000,57,1938,12
6171.555,-1.000,0.234,0.000,57,2473,18
6176.584,-1.000,5.601,0.000,57,1760,22
6184.584,0.110,0.547,0.000,58,2473,58
6182.557,-1.000,6.057,0.000,58,1760,51
6210.567,-1.000,1.441,0.106,58,5763,9
6234.583,-1.000,0.234,0.067,58,1644,14
6248.592,-1.000,0.234,0.000,58,1644,26
6254.571,-1.000,5.043,0.118,58,5763,35
6259.560,-1.000,1.609,0.000,58,1596,44
6269.560,-1.000,0.280,0.000,58,1644,11
6288.565,-1.000,0.235,0.000,58,1644,10
6310.560,-1.000,1.619,0.128,58,6083,40
6321.568,-1.000,0.280,0.000,58,1923,25
6329.559,-1.000,1.356,0.000,58,5763,51
6334.578,-1.000,0.233,0.000,58,1923,35
6342.569,-1.000,1.530,0.000,58,1596,44
6353.541,-1.000,5.512,0.000,58,1760,15
6359.558,-1.000,1.529,0.000,58,5763,10
6367.560,-1.000,1.482,0.124,58,6083,20
6388.566,-1.000,1.394,0.000,58,5763,11
6406.576,-1.000,2.187,0.000,58,703,12
6415.562,-1.000,0.279,0.000,57,2473,27
6427.548,0.114,0.547,0.000,58,2473,59
6445.533,-1.000,1.616,0.000,58,1596,20
6469.562,0.110,0.504,0.000,59,2473,60
6470.551,-1.000,0.234,0.000,59,1644,55
6480.567,-1.000,5.403,0.000,59,1596,34
6491.559,-1.000,2.424,0.000,59,2655,32
6491.559,-1.000,3.023,0.109,59,6083,31
6501.571,-1.000,1.477,0.000,59,1596,34
6512.552,-1.000,0.280,0.000,59,1644,58
6523.557,-1.000,0.279,0.000,59,1644,50
6524.569,-1.000,0.234,0.000,59,1938,6
6519.533,-1.000,5.556,0.000,59,1754,32
6528.548,-1.000,1.395,0.167,59,5763,1
6580.540,-1.000,1.529,0.159,59,6083,2
6596.563,-1.000,0.235,0.071,59,1644,27
6609.543,-1.000,0.503,0.000,59,2473,16
6607.565,-1.000,5.675,0.000,59,703,38
6636.539,-1.000,0.235,0.071,59,1644,43
6637.519,-1.000,1.349,0.000,59,311,46
6640.524,-1.000,1.439,0.151,59,5763,29
6651.553,-1.000,0.242,0.000,59,1938,14
6651.553,-1.000,1.419,0.128,59,10112,27
6698.540,-1.000,0.237,0.067,59,1923,28
6700.538,-1.000,1.483,0.124,59,10112,43
6731.548,-1.000,1.352,0.165,59,5763,7
6745.525,-1.000,0.235,0.069,59,2473,22
6778.551,-1.000,5.679,0.000,59,1768,29
6778.551,-1.000,7.003,0.000,59,311,44
6796.530,-1.000,0.281,0.000,59,1644,30
6806.547,0.114,0.548,0.000,60,2473,61
6828.547,0.109,0.459,0.000,61,2473,62
6846.521,-1.000,0.264,0.000,62,2473,33
6846.521,0.119,0.522,0.000,62,2473,63
6854.511,-1.000,0.235,0.000,62,1644,24
6869.532,-1.000,0.235,0.000,62,2473,19
6876.524,0.108,0.455,0.000,63,2473,64
6882.522,-1.000,0.234,0.000,63,2473,45
6927.540,0.113,0.458,0.000,64,2473,65
6938.540,-1.000,0.236,0.000,64,2320,57
6953.531,-1.000,0.235,0.000,64,2473,9
7001.527,-1.000,0.280,0.000,64,1644,23
7022.508,-1.000,5.650,0.000,64,1762,11
7047.520,0.109,0.546,0.000,65,2473,66
7063.516,-1.000,0.235,0.000,65,1644,9
7065.512,-1.000,5.579,0.000,65,703,36
7072.526,-1.000,0.277,0.000,65,1644,63
7083.519,-1.000,0.235,0.000,65,1644,35
7104.500,-1.000,1.495,0.157,65,5763,8
7130.486,-1.000,0.280,0.000,65,2473,29
7134.520,-1.000,0.233,0.000,65,1644,57
7148.510,-1.000,1.440,0.165,65,5763,50
7175.481,-1.000,0.234,0.071,65,1644,6
7205.514,-1.000,1.395,0.114,65,6043,43
7268.492,-1.000,0.236,0.066,65,1644,40
7275.488,-1.000,5.504,0.063,65,1754,7
7313.491,-1.000,5.302,0.000,65,1754,50
7319.478,-1.000,0.280,0.000,65,1938,48
7328.495,-1.000,0.234,0.000,65,2473,32
7332.482,-1.000,5.117,0.152,65,5763,53
7358.491,0.113,0.552,0.000,66,2473,67
7361.492,-1.000,0.234,0.000,66,1938,9
7362.498,-1.000,1.707,0.000,66,2655,36
7364.489,-1.000,0.234,0.068,66,1644,15
7383.488,-1.000,0.277,0.000,66,1644,9
7378.476,-1.000,5.669,0.000,66,1784,51
7384.472,-1.000,1.409,0.128,66,6083,27
7408.469,-1.000,1.573,0.000,66,5763,40
7418.475,0.114,0.547,0.000,67,2473,68
7423.490,-1.000,0.773,0.000,67,2473,25
7422.494,-1.000,5.252,0.108,67,5763,55
7433.475,-1.000,4.963,0.152,67,5763,37
7446.492,-1.000,0.233,0.000,67,1644,25
7467.464,-1.000,0.235,0.000,67,1644,45
7474.487,-1.000,0.233,0.000,67,1644,16
7490.480,-1.000,0.233,0.000,67,1644,37
7492.460,-1.000,0.231,0.000,67,1644,32
7500.470,-1.000,0.279,0.000,67,1938,24
7530.461,-1.000,0.279,0.000,67,1644,67
7529.467,-1.000,1.650,0.000,67,5763,16
7545.465,0.112,0.546,0.000,68,2473,69
7551.469,0.107,0.457,0.000,69,2473,70
7552.495,-1.000,0.233,0.000,69,1644,43
7568.487,-1.000,1.488,0.000,69,5763,45
7573.489,-1.000,5.635,0.000,68,1596,44
7613.489,-1.000,1.633,0.000,68,2655,34
7636.448,-1.000,0.243,0.070,68,1938,15
7640.489,-1.000,0.236,0.000,68,1644,18
7676.472,-1.000,5.735,0.000,68,1762,47
7701.466,-1.000,1.577,0.000,68,1596,39
7704.484,-1.000,0.234,0.069,68,1644,48
7719.449,-1.000,1.353,0.069,68,5763,18
7735.469,-1.000,0.279,0.000,68,1644,68
7736.480,-1.000,0.234,0.000,68,1923,40
7763.460,-1.000,5.024,0.000,68,5763,68
7779.456,-1.000,5.638,0.311,68,10112,58
7781.441,-1.000,4.534,0.000,68,1596,39
7786.437,-1.000,1.398,0.153,68,5763,6
7776.453,-1.000,13.373,0.000,68,1596,5
7832.464,-1.000,0.280,0.000,68,1644,15
7880.459,-1.000,0.236,0.067,68,1644,61
7892.439,0.115,0.550,0.000,69,2473,71
7909.456,-1.000,1.703,0.065,69,1596,31
7942.429,-1.000,0.280,0.000,69,1644,52
7947.433,-1.000,0.243,0.000,69,1644,67
7947.433,-1.000,0.350,0.000,69,2473,16
7953.439,-1.000,1.485,0.000,69,1596,46
7956.463,-1.000,1.484,0.107,69,5763,17
7968.424,-1.000,0.235,0.064,69,1644,51
7973.442,-1.000,1.349,0.151,69,5763,26
8011.443,-1.000,0.280,0.000,69,1644,59
8017.438,-1.000,5.095,0.000,69,5763,59
8028.442,-1.000,0.280,0.000,69,1938,57
8054.460,-1.000,0.236,0.000,69,1644,56
8059.448,0.114,0.547,0.000,70,2473,72
8072.433,-1.000,0.236,0.000,70,1644,62
8102.421,-1.000,1.532,0.129,70,10112,30
8144.422,-1.000,1.317,0.181,70,10112,32
8156.444,-1.000,0.278,0.000,70,1644,6
8155.438,-1.000,1.526,0.000,70,311,39
8173.423,-1.000,1.439,0.156,70,5763,25
8226.448,0.111,0.547,0.000,71,2473,73
8249.405,-1.000,0.235,0.000,71,1938,4
8252.414,-1.000,0.235,0.000,71,1644,57
8266.405,-1.000,3.071,0.121,71,6083,58
8267.402,-1.000,5.514,0.000,71,5763,62
8273.426,-1.000,1.482,0.106,71,5763,21
8282.408,-1.000,1.483,0.107,71,5763,23
8291.439,-1.000,0.279,0.000,71,1644,19
8307.402,-1.000,0.236,0.000,71,1644,26
8340.412,0.110,0.547,0.000,72,2473,74
8347.403,-1.000,1.570,0.065,72,2654,7
8354.398,-1.000,1.410,0.067,72,6083,13
8357.437,-1.000,0.234,0.000,72,1644,30
8363.418,-1.000,0.233,0.000,72,1644,22
8379.408,-1.000,0.235,0.000,72,1644,74
8383.401,-1.000,0.235,0.000,72,1644,29
8390.435,-1.000,1.568,0.167,72,5763,37
8399.435,-1.000,4.885,0.368,72,10112,49
8410.411,-1.000,0.278,0.000,72,1938,19
8416.418,-1.000,0.235,0.000,72,1938,29
8423.430,-1.000,0.234,0.000,72,1923,53
8428.410,-1.000,1.395,0.000,72,5763,26
8442.397,-1.000,1.800,0.000,72,703,36
8449.389,-1.000,0.279,0.000,72,1644,72
8483.429,-1.000,0.324,0.000,72,1644,65
8478.415,-1.000,5.535,0.000,72,1754,18
8495.395,-1.000,0.246,0.000,72,1644,53
8502.385,-1.000,2.568,0.183,72,10112,9
8503.420,-1.000,2.053,0.123,72,10112,15
8501.394,-1.000,4.623,0.000,72,703,4
8522.394,0.114,0.546,0.066,73,2473,75
8544.412,-1.000,0.234,0.000,73,1644,75
8551.401,-1.000,0.235,0.000,73,1644,17
8552.412,-1.000,0.234,0.000,73,1644,61
8577.420,-1.000,4.764,0.000,73,1596,58
8576.382,-1.000,6.578,0.070,73,5763,65
8584.416,-1.000,0.243,0.068,73,1644,1
8584.416,-1.000,1.450,0.178,73,10112,51
8591.399,-1.000,0.280,0.000,73,1644,70
8599.412,-1.000,0.235,0.000,73,1644,40
8620.380,-1.000,0.235,0.000,73,1644,8
8629.418,-1.000,5.035,0.108,73,5763,52
8638.394,-1.000,0.280,0.000,73,2473,46
8637.394,-1.000,2.781,0.106,73,5763,41
8634.399,-1.000,6.471,0.076,73,5763,72
8646.388,-1.000,0.234,0.000,73,1923,41
8723.382,-1.000,1.590,0.108,73,5763,53
8724.379,-1.000,2.018,0.000,73,2655,36
8752.395,-1.000,0.281,0.000,73,1644,54
8793.403,-1.000,1.531,0.000,73,2655,44
8800.384,-1.000,1.527,0.063,73,2656,11
8806.400,-1.000,5.545,0.000,73,1758,50
8820.363,0.111,0.591,0.000,74,2473,76
8832.383,-1.000,4.855,0.302,74,10112,42
8842.361,-1.000,0.281,0.000,74,1644,60
8877.394,-1.000,1.532,0.064,74,1596,39
8887.356,-1.000,0.279,0.000,74,2473,5
8901.366,-1.000,1.506,0.070,74,2655,50
8903.397,-1.000,2.030,0.000,74,703,19
8900.369,-1.000,9.062,0.000,74,1756,55
8920.386,-1.000,0.280,0.000,74,1644,38
8932.385,-1.000,0.278,0.000,74,1644,64
8928.356,-1.000,5.888,0.000,74,1596,27
8935.368,-1.000,1.446,0.111,74,6083,15
8942.352,0.114,0.546,0.000,75,2473,77
8943.387,-1.000,0.234,0.000,75,2473,10
8968.357,-1.000,4.792,0.264,75,10112,75
8981.375,-1.000,0.279,0.000,75,1644,3
8987.358,-1.000,1.759,0.167,75,5763,8
8986.361,-1.000,6.013,0.299,75,10112,48
9008.388,-1.000,0.280,0.000,75,2473,39
9056.370,-1.000,0.235,0.000,75,2320,10
9061.347,-1.000,1.441,0.000,75,311,47
9085.351,-1.000,5.020,0.153,75,5763,70
9100.359,-1.000,5.918,0.000,75,1756,72
9121.381,-1.000,1.487,0.113,75,6083,32
9123.346,-1.000,1.577,0.000,75,2653,55
9168.362,0.113,0.546,0.067,76,2473,78
9173.367,-1.000,5.103,0.153,76,5763,74
9199.377,-1.000,0.281,0.000,76,1644,71
9210.377,0.109,0.502,0.000,77,2473,79
9225.371,0.127,0.458,0.000,78,2473,80
9230.373,-1.000,1.530,0.124,78,6083,49
9242.354,-1.000,0.233,0.069,78,1923,8
9295.336,-1.000,0.246,0.000,78,2473,41
9297.338,-1.000,1.348,0.000,78,311,72
9304.341,-1.000,0.232,0.000,78,1644,80
9309.357,-1.000,4.999,0.152,78,5763,64
9330.344,-1.000,0.280,0.000,78,1644,48
9358.323,-1.000,0.234,0.068,78,1644,25
9382.340,-1.000,0.236,0.000,78,1644,13
9391.340,-1.000,5.945,0.000,78,1760,52
9403.336,-1.000,1.481,0.107,78,5763,17
9413.343,-1.000,1.574,0.000,78,1596,49
9417.343,-1.000,0.279,0.000,78,1938,71
9419.329,-1.000,0.242,0.000,78,2473,68
9419.329,-1.000,1.425,0.128,78,10112,40
9423.352,-1.000,0.313,0.000,79,1923,65
9423.352,0.124,0.565,0.067,79,2473,81
9430.354,-1.000,1.305,0.184,79,10112,22
9434.350,-1.000,5.473,0.000,79,1760,26
9441.353,-1.000,0.279,0.000,79,1644,16
9443.341,-1.000,0.234,0.000,79,2473,2
9447.335,-1.000,0.236,0.000,79,2473,20
9482.334,-1.000,5.473,0.000,79,1754,17
9504.353,-1.000,1.364,0.000,79,311,18
9527.337,-1.000,5.029,0.153,79,5763,57
9554.323,-1.000,0.280,0.000,79,1644,23
9562.335,-1.000,0.236,0.000,79,1644,71
9582.320,-1.000,1.409,0.110,79,6083,9
9589.328,-1.000,0.237,0.066,79,1644,14
9614.345,-1.000,0.235,0.000,79,1644,20
9615.313,0.113,0.517,0.068,80,2473,82
9620.327,-1.000,0.236,0.000,80,1938,56
9624.347,-1.000,1.417,0.068,80,6083,40
9629.332,-1.000,1.543,0.000,80,1596,44
9638.337,-1.000,5.012,0.154,80,5763,61
9656.333,-1.000,1.223,0.000,80,311,11
9698.306,-1.000,0.235,0.000,80,1644,40
9699.319,-1.000,0.234,0.000,80,2473,28
9727.337,-1.000,1.351,0.156,80,5763,8
9733.303,-1.000,0.234,0.000,80,1644,68
9743.322,-1.000,0.234,0.000,80,1644,75
9779.302,-1.000,1.527,0.067,80,2655,4
9808.319,-1.000,0.279,0.000,80,1644,78
9810.308,-1.000,1.361,0.121,80,6083,22
9811.301,-1.000,5.765,0.000,80,703,24
9831.299,-1.000,0.278,0.000,80,1644,82
9847.325,-1.000,0.236,0.000,80,1644,33
9849.317,-1.000,5.454,0.000,80,1756,72
9874.314,-1.000,0.279,0.000,80,2473,17
9881.284,-1.000,1.396,0.164,80,5763,25
9895.284,-1.000,0.247,0.000,80,1938,43
9898.302,-1.000,0.234,0.065,80,1644,66
9933.307,-1.000,0.282,0.000,80,1644,79
9955.308,-1.000,1.454,0.156,80,5763,30
9961.290,0.117,0.547,0.000,81,2473,83
9972.281,-1.000,0.234,0.000,81,1644,25
9976.316,-1.000,1.571,0.000,81,1596,15
10000.284,-1.000,0.280,0.000,81,1644,5
10021.314,-1.000,6.173,0.000,81,1778,37
10021.314,-1.000,6.815,0.065,81,5763,5
10029.315,-1.000,1.662,0.000,81,2655,24
10033.304,-1.000,1.485,0.000,81,1596,44
10038.282,-1.000,0.279,0.000,81,1644,81
10075.284,-1.000,3.602,0.067,81,5763,25
10073.308,-1.000,6.327,0.105,81,5763,63
10083.301,-1.000,1.061,0.000,81,1923,30
10086.271,-1.000,3.281,0.000,81,1644,15
10083.301,-1.000,6.449,0.056,81,1754,18
10084.305,-1.000,6.134,0.105,81,5763,35
10094.283,-1.000,0.546,0.070,81,1644,10
10123.294,-1.000,5.252,0.166,81,5763,80
10130.275,-1.000,0.289,0.000,81,1644,29
10130.275,-1.000,1.603,0.161,81,5763,68
10137.304,0.112,0.546,0.000,82,2473,84
10158.284,-1.000,0.236,0.000,82,1644,56
10167.301,0.108,0.459,0.000,83,2473,85
10184.290,-1.000,3.661,0.108,83,5763,40
10181.283,-1.000,6.966,0.000,83,1754,21
10180.287,-1.000,8.109,0.000,83,1596,9
10198.264,-1.000,6.467,0.000,83,1756,18
10201.269,-1.000,4.014,0.000,83,2655,31
10206.290,-1.000,5.281,0.000,83,1774,5
10217.301,-1.000,1.575,0.000,83,2653,19
10227.277,-1.000,0.279,0.000,83,1644,35
10278.260,-1.000,4.791,0.323,83,10112,78
10292.275,-1.000,0.280,0.000,83,2473,63
10326.257,-1.000,0.288,0.000,83,1644,25
10326.257,-1.000,5.256,0.105,83,5763,67
10332.293,-1.000,4.972,0.166,83,5763,66
10348.286,-1.000,0.279,0.000,83,2320,85
10357.274,-1.000,1.448,0.108,83,5763,1
10354.267,-1.000,7.023,0.000,83,1758,70
10377.273,-1.000,0.279,0.000,83,1938,6
10396.274,-1.000,2.113,0.000,83,703,43
10401.251,-1.000,1.395,0.106,83,5763,20
10404.275,-1.000,0.277,0.000,83,1938,85
10413.265,-1.000,0.234,0.000,83,1644,6
10436.263,-1.000,1.305,0.120,83,10112,3
10445.274,0.114,0.559,0.000,84,2473,86
10449.252,-1.000,1.391,0.107,84,5763,10
10464.265,-1.000,0.236,0.000,84,1938,15
10468.246,-1.000,4.602,0.127,84,10112,23
10468.246,-1.000,5.243,0.107,84,5763,48
10465.276,-1.000,8.418,0.000,84,1754,59
10479.241,-1.000,5.076,0.107,84,5763,56
10492.283,-1.000,0.279,0.000,84,1644,67
10496.244,-1.000,0.234,0.000,84,1644,17
10507.259,-1.000,1.408,0.066,84,6083,23
10507.259,-1.000,6.839,0.000,84,1754,80
10525.281,-1.000,1.406,0.000,84,311,43
10530.255,-1.000,1.305,0.000,84,311,18
10532.240,-1.000,0.234,0.067,84,1644,28
10546.246,-1.000,0.245,0.000,84,1644,69
10546.246,-1.000,1.512,0.106,84,5763,72
10557.256,-1.000,1.305,0.123,84,10112,33
10579.239,-1.000,0.279,0.000,84,2320,73
10581.264,-1.000,1.572,0.000,84,2655,58
10587.248,-1.000,1.345,0.064,84,6083,33
10598.261,-1.000,0.235,0.067,84,1644,39
10604.253,0.116,0.547,0.000,85,2473,87
10615.257,-1.000,1.315,0.000,85,1659,34
10625.271,-1.000,1.225,0.180,85,10112,39
10637.229,-1.000,0.235,0.071,85,1644,46
10641.235,-1.000,0.234,0.000,85,1644,63
10661.263,-1.000,1.534,0.000,85,2656,27
10663.260,-1.000,1.350,0.154,85,5763,6
10669.239,0.110,0.502,0.000,86,2473,88
10681.264,-1.000,1.731,0.000,86,1923,10
10680.228,-1.000,2.920,0.000,86,311,26
10681.264,-1.000,2.570,0.000,86,2655,37
10681.264,-1.000,3.165,0.180,86,10112,63
10702.241,-1.000,0.243,0.000,86,2473,43
10706.235,0.109,0.551,0.000,87,2473,89
10702.241,-1.000,6.285,0.000,87,1768,50
10709.250,-1.000,0.235,0.067,87,1644,20
10712.228,-1.000,0.234,0.000,87,2473,32
10724.240,0.110,0.502,0.000,88,2473,90
10742.222,-1.000,0.235,0.000,88,1644,30
10778.238,-1.000,0.235,0.066,88,1938,82
10789.239,0.110,0.458,0.000,89,2473,91
10791.250,-1.000,1.883,0.000,89,703,19
10797.246,-1.000,0.236,0.068,89,1644,49
10799.244,-1.000,3.074,0.000,89,1596,27
10802.220,-1.000,0.248,0.000,89,2473,72
10799.244,-1.000,6.644,0.108,89,5763,81
10823.231,-1.000,1.680,0.000,89,1644,84
10823.231,-1.000,4.927,0.317,89,10112,71
10841.250,-1.000,7.551,0.000,90,1754,74
10846.255,-1.000,2.654,0.000,90,2473,27
10846.255,-1.000,3.032,0.000,90,703,4
10858.224,-1.000,0.729,0.000,90,1938,20
10857.223,-1.000,5.212,0.107,90,5763,60
10868.228,-1.000,1.583,0.000,90,1596,33
10871.213,-1.000,0.279,0.000,90,1644,91
10884.251,-1.000,0.236,0.000,90,1644,78
10895.242,-1.000,0.247,0.000,90,1644,89
10898.233,-1.000,5.031,0.110,90,5763,79
10903.210,-1.000,1.536,0.000,90,2655,11
10914.249,-1.000,0.282,0.000,90,1644,76
10915.220,-1.000,5.490,0.000,90,1756,37
10959.244,-1.000,8.444,0.000,90,1772,26
10964.237,-1.000,7.838,0.000,90,1754,53
10956.223,-1.000,16.063,0.000,90,1596,22
10972.231,-1.000,0.296,0.000,90,2473,6
10974.240,-1.000,1.415,0.156,90,5763,13
10977.248,-1.000,0.236,0.067,90,1938,25
10990.207,-1.000,0.237,0.000,90,2473,10
10993.233,-1.000,1.630,0.000,90,1596,9
10995.236,-1.000,0.246,0.000,90,2473,53
10999.206,-1.000,0.236,0.000,90,2473,55
11008.236,-1.000,1.540,0.000,90,1596,44
11022.226,-1.000,1.316,0.177,90,10112,16
11029.243,-1.000,0.279,0.000,90,1644,61
11028.204,-1.000,1.607,0.000,90,5763,78
11043.225,-1.000,1.450,0.107,90,5763,28
11048.200,-1.000,5.412,0.000,90,1754,18
10845.223,0.110,220.429,0.000,90,2473,92
11066.227,-1.000,1.393,0.000,90,311,4
11077.220,-1.000,0.280,0.000,90,1644,2
11079.211,-1.000,0.243,0.000,90,2473,19
11079.211,-1.000,5.545,0.000,90,1596,58
11089.224,-1.000,5.093,0.107,90,5763,14
11099.196,-1.000,0.369,0.000,90,1644,90
11118.218,-1.000,5.773,0.000,90,1754,7
11124.234,-1.000,0.278,0.000,90,1644,73
11129.217,-1.000,1.578,0.111,90,6083,42
11134.211,-1.000,0.234,0.000,90,1644,19
11139.200,-1.000,1.354,0.000,90,311,52
11146.235,-1.000,0.279,0.000,90,1644,87
11161.192,-1.000,5.073,0.000,90,5763,87
11173.219,-1.000,0.278,0.000,90,1644,21
11176.192,-1.000,0.235,0.000,90,1644,50
11186.209,-1.000,0.281,0.000,90,1923,57
11185.199,-1.000,1.489,0.000,90,311,37
11197.196,-1.000,0.913,0.000,90,1644,72
11197.196,-1.000,1.511,0.112,90,6083,63
11202.213,-1.000,4.756,0.309,90,10112,73
11216.220,-1.000,0.280,0.000,90,1644,58
11212.230,-1.000,5.897,0.000,90,1762,68
11220.196,-1.000,0.234,0.069,90,1644,74
11242.195,-1.000,0.235,0.000,90,1644,32
11267.221,-1.000,2.521,0.068,90,5763,58
11270.223,-1.000,1.351,0.000,90,5763,2
11264.195,-1.000,7.580,0.105,90,5763,54
11273.221,-1.000,0.279,0.000,90,1644,62
11286.200,-1.000,2.261,0.000,90,311,18
11287.194,-1.000,1.595,0.000,90,5763,74
11291.207,-1.000,0.244,0.000,90,2473,22
11291.207,-1.000,1.558,0.151,90,5763,67
11313.182,0.117,0.549,0.000,91,2473,93
11333.217,-1.000,1.397,0.000,91,5763,21
11338.210,-1.000,5.544,0.000,91,1772,68
11356.220,-1.000,0.281,0.000,91,1644,20
11360.216,-1.000,1.353,0.170,91,10112,35
11371.183,-1.000,1.304,0.000,91,311,26
11384.199,0.111,0.546,0.000,92,2473,94
11390.203,-1.000,0.279,0.000,92,1644,48
11391.211,-1.000,5.698,0.000,92,1784,67
11403.214,-1.000,5.210,0.108,92,5763,90
11409.208,-1.000,0.279,0.000,92,1644,6
11434.183,-1.000,0.235,0.000,92,2473,54
11438.187,-1.000,5.517,0.000,92,1756,52
11448.188,-1.000,0.280,0.000,92,2473,36
11475.184,-1.000,0.235,0.000,92,1644,56
11512.174,-1.000,0.963,0.000,92,1644,55
11512.174,-1.000,1.666,0.000,92,5763,6
11513.200,-1.000,0.750,0.000,92,1923,87
11531.172,0.111,0.548,0.000,93,2473,95
11541.192,-1.000,0.235,0.000,93,1938,89
11545.181,-1.000,1.543,0.131,93,6083,71
11550.193,-1.000,0.234,0.066,93,1644,74
11551.165,-1.000,1.260,0.180,93,10112,30
11562.199,-1.000,0.235,0.000,93,1644,87
11575.177,-1.000,1.543,0.110,93,6083,73
11586.164,-1.000,0.246,0.000,93,1644,42
11586.164,-1.000,1.483,0.127,93,6083,51
11602.177,-1.000,1.318,0.071,93,5763,74
11603.172,-1.000,5.906,0.000,92,1762,78
11609.185,-1.000,1.454,0.172,92,10112,38
11615.167,-1.000,0.236,0.000,92,1644,43
11623.182,-1.000,2.369,0.111,92,6083,3
11623.182,-1.000,2.809,0.000,92,2653,9
11636.174,-1.000,1.497,0.068,92,1596,51
11643.163,-1.000,1.360,0.153,92,5763,5
11650.166,0.113,0.550,0.000,93,2473,96
11660.199,-1.000,0.236,0.000,93,1644,57
11674.177,-1.000,0.236,0.000,93,1644,38
11729.179,-1.000,0.236,0.000,93,1923,64
11744.168,-1.000,1.447,0.071,93,6083,30
11769.169,-1.000,1.393,0.110,93,6083,16
11784.152,-1.000,0.280,0.000,93,1644,93
11789.171,-1.000,0.235,0.000,93,2473,79
11797.171,-1.000,1.309,0.122,93,10112,55
11804.188,-1.000,1.498,0.000,93,2655,34
11809.181,-1.000,0.235,0.066,93,2473,85
11812.153,-1.000,1.523,0.000,93,2655,67
11814.181,-1.000,5.285,0.000,94,1754,58
11819.163,0.112,0.655,0.000,94,2473,97
11822.167,-1.000,1.475,0.168,95,5763,61
11823.160,0.109,0.774,0.000,95,2473,98
11836.186,-1.000,0.234,0.000,95,1644,97
11851.162,-1.000,1.355,0.167,95,5763,42
11853.181,-1.000,0.279,0.000,95,1644,83
11857.183,-1.000,6.298,0.000,95,1774,6
11858.176,-1.000,9.897,0.000,95,1760,60
11894.158,0.110,0.548,0.000,96,2473,99
11896.179,-1.000,1.427,0.067,97,6083,55
11897.173,0.108,0.720,0.000,97,2473,100
11899.170,-1.000,1.347,0.000,97,311,44
11901.150,-1.000,5.575,0.000,97,1772,37
11905.166,-1.000,1.666,0.070,97,1644,54
11929.178,-1.000,0.235,0.000,97,1644,8
11931.170,-1.000,0.233,0.000,97,1644,100
11943.159,-1.000,0.235,0.000,97,1644,77
11951.157,-1.000,6.267,0.000,97,1756,5
11952.151,-1.000,5.740,0.000,97,311,58
11971.155,-1.000,0.280,0.000,97,1644,99
11977.156,-1.000,5.492,0.000,97,1760,11
11986.149,-1.000,1.399,0.154,97,5763,48
11990.155,-1.000,0.278,0.000,97,1644,28
12025.162,-1.000,0.279,0.000,97,1644,89
12021.131,-1.000,5.769,0.000,97,1778,81
12030.157,-1.000,1.572,0.000,97,1596,30
12033.136,-1.000,1.851,0.183,97,10112,57
12032.145,-1.000,6.263,0.311,97,10112,99
12055.169,-1.000,1.589,0.000,97,2655,30
12063.148,-1.000,0.235,0.070,97,1644,47
12083.145,-1.000,0.236,0.000,97,1644,27
12087.163,-1.000,1.624,0.000,97,2654,59
12089.165,-1.000,0.279,0.000,97,1644,22
12084.154,-1.000,7.045,0.064,97,1756,58
12093.136,-1.000,1.393,0.152,97,5763,20
12113.142,-1.000,1.843,0.000,97,2655,7
12123.123,-1.000,0.325,0.000,97,1644,86
12138.145,-1.000,1.008,0.000,97,2473,73
12138.145,-1.000,1.745,0.000,97,5763,8
12142.132,-1.000,0.235,0.000,97,1644,33
12146.134,-1.000,1.531,0.000,97,2655,58
12166.122,-1.000,1.576,0.000,97,1596,16
12169.139,-1.000,5.593,0.000,97,703,82
12178.143,-1.000,0.280,0.000,97,2473,90
12188.160,-1.000,1.397,0.000,97,5763,22
12194.123,-1.000,5.025,0.108,97,5763,84
12212.158,-1.000,5.726,0.000,97,1758,66
12233.126,-1.000,1.535,0.108,97,5763,62
12253.148,-1.000,0.280,0.000,97,1644,85
12261.131,-1.000,3.025,0.000,97,703,24
12258.128,-1.000,6.801,0.150,97,5763,89
12267.142,-1.000,1.398,0.127,97,6083,57
12286.123,-1.000,0.236,0.070,97,1644,36
12289.148,-1.000,0.235,0.000,97,1644,96
12296.135,-1.000,1.589,0.000,97,1644,41
12296.135,-1.000,2.069,0.000,97,703,15
12298.148,-1.000,6.989,0.064,97,1754,60
12298.148,-1.000,10.519,0.000,97,5763,96
12310.121,-1.000,0.279,0.000,97,1923,2
12329.114,-1.000,5.741,0.000,97,1762,48
12341.116,-1.000,1.530,0.155,97,5763,87
12392.145,-1.000,1.439,0.126,97,10112,72
12403.111,-1.000,1.573,0.000,97,1714,82
12411.124,-1.000,4.802,0.313,97,10112,86
12424.129,-1.000,0.279,0.000,97,2473,65
12436.125,-1.000,0.533,0.000,97,2473,1
12435.120,-1.000,1.382,0.218,97,5763,33
12436.125,-1.000,0.603,0.000,97,2473,2
12443.101,-1.000,0.235,0.000,97,1938,93
12464.120,-1.000,1.589,0.000,97,1596,55
12472.126,-1.000,5.426,0.000,97,1754,59
12483.097,-1.000,5.524,0.000,97,703,93
12489.125,-1.000,0.279,0.000,97,1644,88
12501.121,-1.000,1.395,0.108,97,5763,27
12505.121,-1.000,0.235,0.067,97,2473,42
12506.115,-1.000,1.351,0.153,97,5763,19
12521.135,-1.000,1.263,0.262,97,10112,41
12528.120,-1.000,1.352,0.000,97,311,70
12535.097,-1.000,7.046,0.067,97,1758,26
12545.121,-1.000,0.282,0.000,97,2320,10
12535.097,-1.000,10.740,0.106,97,5763,100
12573.118,-1.000,1.397,0.163,97,5763,29
12583.092,-1.000,1.527,0.000,97,1596,9
12595.123,-1.000,2.449,0.000,97,2473,57
12592.108,-1.000,5.663,0.000,97,1754,100
12638.088,-1.000,1.444,0.110,97,6043,35
12648.125,-1.000,1.528,0.000,97,1596,63
12652.120,-1.000,0.278,0.000,97,1644,66
12656.115,-1.000,1.394,0.108,97,6083,72
12661.093,-1.000,1.351,0.180,97,10112,56
12666.112,-1.000,0.236,0.067,97,1644,52
12677.114,-1.000,0.236,0.000,96,1644,79
12695.109,-1.000,5.026,0.108,96,5763,77
12712.110,-1.000,5.118,0.152,96,5763,88
12719.081,-1.000,0.280,0.000,96,1644,53
12728.104,-1.000,1.394,0.152,96,5763,36
12733.080,-1.000,1.351,0.107,96,5763,49
12739.098,-1.000,0.235,0.000,96,2473,96
12749.090,-1.000,1.630,0.152,96,5763,46
12744.089,-1.000,7.015,0.183,96,10112,75
12743.097,-1.000,8.385,0.000,96,1768,22
12759.113,-1.000,0.281,0.000,96,1644,98
12762.084,-1.000,1.526,0.062,96,1596,30
12808.098,-1.000,3.127,0.165,96,10112,53
12808.098,-1.000,3.682,0.000,96,703,4
12807.102,-1.000,8.081,0.151,96,5763,97
12828.080,-1.000,0.279,0.000,96,1644,96
12836.084,-1.000,0.280,0.000,96,1644,25
12834.081,-1.000,2.437,0.000,96,1596,44
12834.081,-1.000,2.854,0.000,96,311,4
12842.097,-1.000,0.233,0.068,96,1644,2
12876.088,-1.000,1.788,0.000,96,703,4
12888.083,-1.000,0.244,0.070,96,1923,20
12888.083,-1.000,1.929,0.000,96,703,82
12906.071,-1.000,5.202,0.000,96,1754,67
12921.096,-1.000,1.397,0.000,96,311,5
12972.074,-1.000,1.351,0.163,96,5763,66
12991.069,-1.000,1.348,0.161,96,5763,17
12999.079,-1.000,5.634,0.000,96,1772,19
13012.069,-1.000,0.279,0.000,96,2320,73
13019.079,-1.000,1.581,0.067,96,2655,81
13016.073,-1.000,6.824,0.000,96,1774,18
13021.093,-1.000,7.398,0.000,96,1762,89
13039.086,-1.000,0.280,0.000,96,1938,69
13045.069,-1.000,0.234,0.000,96,1923,14
13048.094,-1.000,0.234,0.000,96,1644,82
13061.092,-1.000,0.235,0.000,96,2473,68
13073.072,-1.000,1.397,0.000,96,311,9
13083.067,-1.000,0.234,0.067,96,1938,2
13087.079,-1.000,0.234,0.000,96,1644,66
13097.085,-1.000,5.041,0.106,96,5763,83
13115.065,-1.000,5.251,0.108,96,5763,85
13138.090,-1.000,0.278,0.000,96,1938,66
13151.083,-1.000,5.491,0.000,96,1596,44
13158.061,-1.000,5.575,0.000,96,1756,61
13148.086,-1.000,16.413,0.064,96,1784,70
13166.049,-1.000,1.487,0.000,96,311,93
13174.048,-1.000,1.493,0.125,96,6083,86
13188.072,-1.000,5.452,0.000,96,1754,40
13206.085,-1.000,1.264,0.000,96,311,31
13208.075,-1.000,0.278,0.000,96,1644,83
13213.047,-1.000,0.234,0.000,96,2473,30
13216.074,-1.000,0.235,0.000,96,1644,10
13220.067,-1.000,1.528,0.000,96,2655,59
13223.084,-1.000,0.233,0.000,96,2473,29
13239.084,-1.000,1.480,0.000,96,2655,44
13246.083,-1.000,2.123,0.167,96,5763,32
13246.083,-1.000,6.709,0.000,96,1754,6
13269.042,-1.000,0.279,0.000,96,1923,84
13291.079,-1.000,0.234,0.000,96,1644,29
13293.071,-1.000,0.234,0.000,96,1644,17
13299.080,-1.000,0.233,0.000,96,1644,68
13300.047,-1.000,1.571,0.000,96,2655,19
13318.049,-1.000,5.415,0.000,96,1596,86
13336.072,-1.000,5.544,0.000,96,1756,59
13346.044,-1.000,0.961,0.000,96,1644,33
13346.044,-1.000,1.517,0.000,96,1714,31
13364.065,-1.000,1.493,0.000,96,2653,59
13387.057,-1.000,1.307,0.000,96,1714,19
13405.048,-1.000,1.590,0.120,96,6083,53
13410.061,-1.000,0.280,0.000,96,1644,42
13411.031,-1.000,1.399,0.065,96,6083,39
13413.039,-1.000,0.235,0.064,96,1644,100
13420.032,-1.000,0.277,0.000,96,1644,2
13414.056,-1.000,6.540,0.000,96,1596,72
13417.062,-1.000,4.129,0.149,96,5763,47
13443.051,-1.000,1.845,0.000,96,703,93
13452.048,-1.000,0.235,0.070,96,2473,20
13455.029,-1.000,0.234,0.000,96,1644,94
13458.053,-1.000,0.235,0.000,96,1644,87
13465.027,-1.000,1.582,0.000,96,2655,78
13473.024,-1.000,1.530,0.000,96,2655,16
13479.024,-1.000,0.236,0.067,96,1644,90
13486.065,-1.000,5.292,0.000,96,1754,47
13503.048,-1.000,1.349,0.163,96,10112,68
13505.031,-1.000,1.492,0.067,96,5763,90
13509.042,-1.000,1.616,0.000,96,1596,23
13514.054,-1.000,1.613,0.000,96,2655,80
13533.025,-1.000,0.280,0.000,96,1644,1
13537.027,-1.000,1.488,0.000,96,1596,34
13539.023,-1.000,0.234,0.000,96,1644,75
13546.058,-1.000,1.528,0.000,96,2655,70
13556.031,-1.000,0.235,0.066,96,1938,42
13569.050,-1.000,2.305,0.110,96,6083,41
13569.050,-1.000,7.749,0.000,96,1762,85
13573.035,-1.000,4.319,0.000,96,1659,5
13578.037,-1.000,1.184,0.000,96,311,31
13628.048,-1.000,1.589,0.000,96,2655,40
13625.056,-1.000,6.975,0.064,96,1756,13
13653.014,-1.000,1.493,0.000,96,1644,3
13650.034,-1.000,5.251,0.150,96,5763,76
13663.022,-1.000,1.581,0.000,96,1596,35
13670.048,-1.000,0.288,0.000,96,2473,71
13686.016,-1.000,1.485,0.000,96,1596,9
13696.028,-1.000,1.401,0.000,96,5763,75
13697.018,-1.000,6.052,0.000,96,1768,88
13722.028,-1.000,5.519,0.000,96,1758,11
13744.007,-1.000,1.458,0.110,96,6083,56
13747.009,-1.000,0.279,0.000,96,1923,73
13757.031,-1.000,5.458,0.000,96,1596,63
13769.019,-1.000,0.280,0.000,96,2473,64
13778.017,-1.000,1.527,0.064,96,2654,63
13798.022,-1.000,0.236,0.071,96,1644,41
13812.040,-1.000,1.526,0.064,96,6083,99
13817.029,-1.000,1.354,0.152,96,5763,43
13819.033,-1.000,1.353,0.154,96,5763,100
13821.038,-1.000,0.234,0.000,96,1644,43
13840.021,-1.000,1.531,0.000,96,2653,18
13842.016,-1.000,1.258,0.181,96,10112,3
13862.007,-1.000,0.235,0.068,96,1644,65
13872.029,-1.000,0.236,0.000,96,1938,91
13914.016,-1.000,2.279,0.000,96,311,26
13915.013,-1.000,1.969,0.000,96,2655,93
13920.026,-1.000,1.352,0.162,96,5763,2
13936.003,-1.000,0.279,0.000,96,1644,85
13958.015,-1.000,5.623,0.000,96,1768,2
13969.005,-1.000,0.287,0.000,96,1644,75
13969.005,-1.000,1.692,0.000,96,2656,34
13984.989,-1.000,1.367,0.000,96,1714,58
14020.020,-1.000,5.473,0.000,96,1774,81
14048.997,-1.000,1.931,0.000,96,703,66
14052.986,-1.000,0.278,0.000,96,2320,71
14058.004,-1.000,0.235,0.000,96,1923,90
14059.994,-1.000,1.306,0.171,96,10112,17
14062.994,-1.000,1.347,0.068,96,5763,85
14065.986,-1.000,0.280,0.000,96,1644,92
14087.023,-1.000,4.253,0.000,96,2473,73
14089.008,-1.000,4.360,0.109,96,6083,3
14090.996,-1.000,2.939,0.154,96,5763,84
14085.981,-1.000,8.385,0.000,96,1596,55
14103.984,-1.000,0.280,0.000,96,1644,24
14137.987,-1.000,6.661,0.000,96,1596,44
14148.977,-1.000,1.537,0.000,96,2655,67
14146.993,-1.000,4.122,0.000,96,2655,81
14140.011,-1.000,11.967,0.000,96,1756,7
14176.993,-1.000,1.401,0.152,96,5763,50
14189.974,-1.000,0.279,0.000,96,1644,64
14197.987,-1.000,0.236,0.000,96,1644,97
14207.982,-1.000,3.471,0.000,96,2473,27
14206.005,-1.000,5.691,0.000,96,1596,86
14215.998,-1.000,1.573,0.000,96,2655,11
14219.014,-1.000,0.233,0.068,96,1644,71
14231.987,-1.000,1.931,0.000,96,703,42
14244.997,-1.000,0.235,0.067,96,2473,69
14245.983,-1.000,0.236,0.000,96,2473,36
14262.984,-1.000,1.260,0.181,96,10112,1
14272.981,-1.000,1.308,0.000,96,311,47
14281.995,-1.000,0.235,0.066,96,1938,65
14302.971,-1.000,1.971,0.000,96,703,65
14306.972,-1.000,1.264,0.178,96,10112,43
14334.973,-1.000,0.235,0.069,96,2473,21
14339.967,-1.000,0.236,0.000,96,1644,22
14349.985,-1.000,0.235,0.000,96,1644,69
14353.986,-1.000,1.350,0.123,96,5763,33
14356.003,-1.000,1.303,0.065,96,5763,22
14364.971,-1.000,1.365,0.182,96,10112,96
14372.989,-1.000,0.234,0.069,96,1644,90
14376.962,-1.000,0.235,0.000,96,1644,36
14377.971,-1.000,0.233,0.000,96,2473,85
14406.994,-1.000,5.814,0.000,96,1756,33
14459.963,-1.000,1.440,0.000,96,311,66
14485.956,-1.000,0.280,0.067,96,1644,46
14484.951,-1.000,1.670,0.058,96,2655,65
14500.987,-1.000,1.530,0.000,96,1596,16
14517.965,-1.000,5.747,0.107,96,5763,94
14521.959,-1.000,2.327,0.172,96,5763,25
14523.963,-1.000,0.430,0.118,96,1938,64
14531.977,-1.000,0.236,0.000,96,1644,95
14558.955,-1.000,5.494,0.000,96,1762,11
14589.970,-1.000,1.389,0.000,96,311,33
14605.970,-1.000,0.278,0.000,96,2320,73
14616.946,-1.000,1.434,0.162,96,5763,79
14628.956,-1.000,0.235,0.066,96,1644,20
14637.973,-1.000,2.344,0.000,96,2653,51
14638.966,-1.000,1.949,0.000,96,2655,19
14674.980,-1.000,1.366,0.169,96,5763,38
14712.960,-1.000,1.667,0.000,96,2654,42
14744.975,-1.000,0.279,0.000,96,1923,77
14743.936,-1.000,5.638,0.000,96,1762,78
14756.962,-1.000,0.278,0.000,96,2320,27
14757.973,-1.000,0.279,0.000,96,1644,21
14755.968,-1.000,5.828,0.000,96,1758,59
14766.948,-1.000,0.278,0.000,96,1923,73
14767.957,-1.000,1.393,0.162,96,5763,2
14771.969,-1.000,5.473,0.060,96,1772,18
14806.960,-1.000,0.280,0.000,96,1938,82
14809.970,-1.000,1.349,0.064,96,1714,42
14813.965,-1.000,0.234,0.067,96,2473,35
14820.946,-1.000,0.234,0.000,96,1644,35
14829.934,-1.000,1.715,0.000,96,5763,54
14867.958,-1.000,1.353,0.153,96,5763,20
14870.941,-1.000,1.344,0.122,96,6083,68
14876.954,-1.000,1.347,0.107,96,5763,36
14898.956,-1.000,0.236,0.067,96,1644,70
14906.931,-1.000,0.235,0.000,96,1644,37
14916.957,-1.000,0.246,0.000,96,2473,13
14916.957,-1.000,1.651,0.000,96,2654,55
14919.956,-1.000,0.234,0.066,96,2473,47
14943.959,-1.000,1.354,0.107,96,5763,87
14945.932,-1.000,1.352,0.000,96,311,89
14951.928,-1.000,1.305,0.000,96,1714,5
14960.918,-1.000,0.234,0.067,96,1644,64
14966.922,-1.000,1.006,0.066,96,1938,83
14966.922,-1.000,1.659,0.000,96,1596,51
14969.929,-1.000,5.451,0.000,96,1754,8
14990.921,-1.000,0.280,0.000,96,1938,28
15001.950,-1.000,1.532,0.109,96,6083,17
15024.951,-1.000,1.542,0.000,96,1596,68
15030.918,-1.000,1.443,0.000,96,1596,55
15034.928,-1.000,0.278,0.068,96,2473,65
15033.935,-1.000,1.669,0.000,96,2655,9
15036.954,-1.000,0.243,0.000,96,1644,73
15036.954,-1.000,0.351,0.000,96,1644,27
15038.926,-1.000,1.531,0.000,96,2653,59
15072.945,-1.000,2.897,0.157,96,5763,75
15072.945,-1.000,6.148,0.296,96,10112,92
15098.931,-1.000,1.441,0.111,96,6083,96
15106.943,-1.000,2.031,0.000,96,1596,34
15105.938,-1.000,3.684,0.157,96,5763,35
15109.921,-1.000,10.942,0.064,96,1754,79
15105.938,-1.000,18.340,0.000,96,1762,59
15126.934,-1.000,1.488,0.162,96,5763,71
15134.913,-1.000,0.279,0.000,96,1644,25
15139.930,-1.000,6.369,0.000,96,1754,60
15142.936,-1.000,9.853,0.000,96,1596,99
15147.931,-1.000,5.456,0.000,96,703,66
15142.936,-1.000,10.865,0.065,96,5763,79
15169.936,-1.000,5.052,0.155,96,5763,95
15177.925,-1.000,5.385,0.000,96,1778,50
15184.929,-1.000,5.424,0.000,96,1756,89
15192.902,-1.000,0.279,0.000,96,1644,91
15206.912,-1.000,0.235,0.000,96,1923,100
15218.935,-1.000,2.269,0.000,96,1938,97
15220.925,-1.000,0.391,0.000,96,1644,36
15215.906,-1.000,6.906,0.106,96,5763,24
15216.904,-1.000,6.067,0.063,96,1758,67
15225.907,-1.000,0.236,0.066,96,1644,56
15237.916,-1.000,3.596,0.000,96,5763,25
15234.938,-1.000,6.775,0.000,96,1778,62
15262.899,-1.000,1.535,0.000,96,2653,44
15266.924,-1.000,1.355,0.000,96,311,58
15260.916,-1.000,8.227,0.101,96,1756,54
15269.916,-1.000,1.527,0.000,96,1596,99
15288.905,-1.000,1.361,0.163,96,5763,29
15295.916,-1.000,1.526,0.000,96,2656,78
15298.924,-1.000,1.528,0.000,96,2655,15
15303.932,-1.000,5.204,0.000,96,1754,22
15310.933,-1.000,1.397,0.071,96,5763,36
15322.908,-1.000,1.304,0.000,96,311,23
15328.900,-1.000,1.259,0.067,96,1659,5
15334.895,-1.000,0.279,0.000,96,1644,48
15335.915,-1.000,1.485,0.000,96,1596,39
15351.904,-1.000,6.164,0.000,96,1778,19
15352.898,-1.000,5.767,0.000,96,2647,5
15393.903,-1.000,2.450,0.000,96,2655,34
15393.903,-1.000,7.162,0.000,96,1596,9
15402.901,-1.000,0.279,0.000,96,2473,40
15414.889,-1.000,1.672,0.000,96,1596,96
15418.889,-1.000,0.280,0.000,96,2473,14
15429.907,-1.000,1.525,0.000,96,2654,7
15461.884,-1.000,1.062,0.000,96,1644,82
15462.889,-1.000,0.254,0.000,96,2473,75
15461.884,-1.000,1.768,0.000,96,1596,63
15474.903,-1.000,0.236,0.000,96,2473,97
15477.889,-1.000,0.235,0.000,96,1938,37
15493.909,-1.000,0.278,0.000,96,1644,37
15494.881,-1.000,0.244,0.000,96,1644,30
15494.881,-1.000,1.534,0.167,96,5763,46
15489.911,-1.000,6.858,0.000,96,1754,60
15531.878,-1.000,0.278,0.000,96,2473,17
15529.898,-1.000,5.542,0.000,96,1778,29
15539.883,-1.000,5.089,0.000,96,2473,46
15538.893,-1.000,6.547,0.000,96,1768,7
15543.885,-1.000,2.209,0.000,96,2655,42
15558.912,-1.000,1.396,0.110,96,6083,43
15568.876,-1.000,0.281,0.000,96,1644,38
15583.902,-1.000,5.415,0.000,96,1754,18
15597.914,-1.000,0.282,0.000,96,1644,57
15605.882,-1.000,2.248,0.109,96,5763,41
15607.894,-1.000,1.937,0.000,96,703,93
15605.882,-1.000,4.543,0.000,96,1596,3
15614.874,-1.000,1.595,0.000,96,2655,61
15630.884,-1.000,1.498,0.000,96,1596,23
15670.895,-1.000,0.281,0.000,96,1644,14
15708.898,-1.000,5.268,0.061,96,1754,79
15728.886,-1.000,1.574,0.000,96,2653,4
15730.879,-1.000,0.234,0.070,96,1644,28
15734.884,-1.000,5.480,0.000,96,1756,49
15740.870,-1.000,2.064,0.000,96,703,83
15759.877,-1.000,5.077,0.063,96,5763,98
15764.900,-1.000,0.261,0.000,96,1644,40
15770.892,-1.000,0.236,0.000,96,1644,77
15776.874,-1.000,1.585,0.108,96,6083,92
15773.861,-1.000,7.127,0.000,96,1768,59
15781.898,-1.000,1.353,0.000,96,311,51
15786.886,-1.000,0.235,0.067,96,1644,49
15839.886,-1.000,0.236,0.064,96,1644,46
15849.881,-1.000,1.487,0.065,96,2655,16
15858.873,-1.000,1.949,0.157,96,5763,30
15858.873,-1.000,2.470,0.181,96,10112,73
15878.863,-1.000,0.236,0.068,96,1644,97
15890.869,-1.000,1.354,0.000,96,311,6
15903.848,-1.000,1.400,0.107,96,5763,57
15910.871,-1.000,1.893,0.000,96,703,42
15932.890,-1.000,6.381,0.000,96,1756,6
15943.867,-1.000,0.861,0.000,96,2473,63
15947.853,-1.000,1.355,0.000,96,1714,61
15942.871,-1.000,6.533,0.150,96,5763,91
15932.890,-1.000,17.384,0.000,96,1762,95
15970.863,-1.000,1.393,0.000,96,311,8
15981.885,-1.000,0.916,0.000,96,1644,57
15981.885,-1.000,1.475,0.164,96,5763,27
15992.849,-1.000,0.279,0.000,96,1644,71
16000.872,-1.000,0.277,0.000,96,1644,59
15999.879,-1.000,1.560,0.000,96,311,67
16014.869,-1.000,0.280,0.000,96,1644,99
16011.865,-1.000,5.772,0.000,96,1596,43
16019.843,-1.000,0.235,0.069,96,1644,79
