10:45:40 AM      eth0      6.00      6.00      0.48      0.76      0.00      0.00      0.00
10:45:41 AM      eth0     54.00     44.00      4.65     31.72      0.00      0.00      0.00
10:45:42 AM      eth0     99.00     83.00      8.65     76.92      0.00      0.00      0.00
10:45:43 AM      eth0     88.00     66.00      8.17     64.80      0.00      0.00      0.00
10:45:44 AM      eth0    118.00     95.00     10.29     98.32      0.00      0.00      0.00
10:45:45 AM      eth0    178.00    144.00     15.60    151.21      0.00      0.00      0.00
10:45:46 AM      eth0    180.00    142.00     15.66    155.90      0.00      0.00      0.00
10:45:47 AM      eth0    224.00    177.00     20.06    200.74      0.00      0.00      0.00
10:45:48 AM      eth0    218.00    171.00     19.99    190.98      0.00      0.00      0.00
10:45:49 AM      eth0    184.00    146.00     17.17    160.46      0.00      0.00      0.00
10:45:50 AM      eth0    236.00    182.00     21.08    206.01      0.00      0.00      0.00
10:45:51 AM      eth0    247.00    185.00     22.70    203.10      0.00      0.00      0.00
10:45:52 AM      eth0    340.00    267.00     30.75    309.79      0.00      0.00      0.00
10:45:53 AM      eth0    233.00    177.00     21.89    196.85      0.00      0.00      0.00
10:45:54 AM      eth0    260.00    200.00     24.77    220.51      0.00      0.00      0.00
10:45:55 AM      eth0    280.00    219.00     25.66    248.74      0.00      0.00      0.00
10:45:56 AM      eth0    369.00    294.00     34.71    345.73      0.00      0.00      0.00
10:45:57 AM      eth0    313.00    247.00     29.48    269.00      0.00      0.00      0.00
10:45:58 AM      eth0    323.00    245.00     30.69    281.28      0.00      0.00      0.00
10:45:59 AM      eth0    377.00    291.00     36.12    323.32      0.00      0.00      0.00
10:46:00 AM      eth0    359.00    274.00     35.28    314.66      0.00      0.00      0.00
10:46:01 AM      eth0    513.00    352.00     43.46    295.80      0.00      0.00      0.00
