47.710,0.117,0.728,0.000,1,2473,1
377.982,0.156,0.545,0.000,2,2473,2
398.987,-1.000,0.219,0.000,2,1644,2
442.979,0.107,0.475,0.000,3,2473,3
460.984,0.107,0.446,0.000,4,2473,4
573.966,0.106,0.446,0.000,5,2473,5
778.971,0.106,0.447,0.000,6,2473,6
803.945,-1.000,0.219,0.000,6,1644,6
841.964,0.107,0.447,0.000,7,2473,7
875.945,0.106,0.447,0.000,8,2473,8
953.951,0.106,0.504,0.000,9,2473,9
975.931,-1.000,0.249,0.000,9,2320,5
997.957,-1.000,0.219,0.000,9,1644,5
1042.928,-1.000,0.219,0.000,9,2320,1
1105.943,-1.000,0.280,0.000,9,1644,8
1113.921,-1.000,4.976,0.055,9,5763,5
1152.933,-1.000,0.248,0.000,9,1644,1
1199.920,0.110,0.535,0.000,10,2473,10
1226.918,0.112,0.448,0.000,11,2473,11
1281.918,-1.000,0.222,0.000,11,2320,9
1441.902,0.124,0.540,0.000,12,2473,12
1462.908,-1.000,0.221,0.000,12,1938,9
1506.901,0.107,0.473,0.000,13,2473,13
1532.889,0.106,0.447,0.000,14,2473,14
1553.897,0.107,0.446,0.000,15,2473,15
1565.887,0.106,0.446,0.000,16,2473,16
1574.912,-1.000,0.220,0.000,16,1644,11
1608.911,-1.000,5.321,0.000,16,703,9
1638.883,-1.000,0.250,0.000,16,2320,3
1678.892,0.106,0.503,0.000,17,2473,17
1716.890,0.110,0.446,0.000,18,2473,18
1722.894,0.106,0.445,0.000,19,2473,19
1752.900,-1.000,0.222,0.000,19,1938,2
1754.901,-1.000,0.188,0.000,19,1644,2
1763.885,-1.000,4.453,0.307,19,10112,6
1829.891,-1.000,4.393,0.303,19,10112,1
1843.884,-1.000,0.248,0.000,19,1644,6
1847.871,-1.000,1.618,0.000,19,2653,9
2024.865,-1.000,0.250,0.000,19,1644,13
2031.854,-1.000,0.219,0.000,19,1644,4
2124.852,-1.000,1.736,0.096,19,6083,1
2148.870,-1.000,4.753,0.121,19,5763,11
2207.860,-1.000,0.249,0.000,19,1644,15
2231.848,-1.000,0.225,0.000,19,1644,17
2253.856,-1.000,1.858,0.000,19,703,9
2328.845,-1.000,0.249,0.000,19,1938,6
2337.832,-1.000,0.220,0.000,19,1644,7
2339.832,-1.000,0.218,0.000,19,1644,12
2342.847,-1.000,4.685,0.120,19,5763,13
2349.837,-1.000,0.248,0.000,19,1644,18
2354.843,0.114,0.536,0.000,20,2473,20
2371.856,-1.000,0.220,0.000,20,2320,20
2375.844,-1.000,0.218,0.000,20,1923,11
2481.823,-1.000,0.219,0.000,20,1644,6
2624.822,-1.000,0.249,0.000,20,1644,3
2631.819,0.108,0.478,0.000,21,2473,21
2650.836,-1.000,1.620,0.000,21,2655,9
2693.829,-1.000,1.616,0.000,21,1596,1
2722.814,-1.000,0.249,0.000,21,1923,20
2828.814,0.107,0.504,0.000,22,2473,22
2839.795,-1.000,0.220,0.000,22,1644,19
2856.794,-1.000,0.219,0.000,22,1644,11
2863.820,-1.000,1.352,0.000,22,1659,9
2906.797,-1.000,0.250,0.000,22,1644,5
2939.796,-1.000,0.219,0.000,22,2473,20
3018.798,0.108,0.534,0.000,23,2473,23
3104.801,-1.000,5.020,0.129,23,5763,7
3138.778,0.113,0.564,0.000,24,2473,24
3199.789,-1.000,0.251,0.000,24,2473,13
3242.790,-1.000,1.386,0.000,24,311,9
3249.770,-1.000,4.664,0.122,24,5763,4
3266.767,-1.000,1.800,0.000,24,703,9
3344.787,-1.000,4.784,0.122,24,5763,17
3353.763,0.112,0.536,0.000,25,2473,25
3368.763,-1.000,0.220,0.000,25,2473,7
3390.771,0.118,0.447,0.000,26,2473,26
3412.765,0.106,0.446,0.000,27,2473,27
3424.781,-1.000,5.698,0.000,27,1762,4
3438.769,-1.000,0.250,0.000,27,1938,15
3471.769,-1.000,0.220,0.000,27,1938,2
3495.754,0.106,0.503,0.000,28,2473,28
3502.761,-1.000,1.471,0.119,28,5763,11
3530.757,0.115,0.480,0.000,29,2473,29
3557.766,-1.000,0.220,0.000,29,1644,2
3605.741,-1.000,0.220,0.000,29,1644,7
3613.748,-1.000,0.220,0.000,29,1644,10
3682.734,-1.000,4.447,0.301,29,10112,2
3758.742,-1.000,1.531,0.000,29,5763,7
3764.741,-1.000,0.250,0.000,29,2320,22
3821.726,0.107,0.536,0.000,30,2473,30
3915.728,-1.000,0.219,0.000,30,2473,4
3951.736,-1.000,0.220,0.000,30,1644,27
3969.716,-1.000,0.249,0.000,30,2473,11
3997.719,-1.000,1.411,0.148,30,10112,5
4012.736,-1.000,0.249,0.000,30,1644,29
4024.720,-1.000,1.263,0.171,30,10112,6
4040.728,-1.000,0.228,0.000,30,1644,16
4058.720,0.108,0.503,0.000,31,2473,31
4062.729,-1.000,0.220,0.000,31,1644,26
4075.724,-1.000,4.747,0.370,31,10112,3
4106.711,-1.000,4.576,0.330,31,10112,8
4113.717,0.107,0.562,0.000,32,2473,32
4126.715,0.106,0.476,0.000,33,2473,33
4149.728,-1.000,0.249,0.000,33,1644,17
4210.723,-1.000,0.227,0.000,33,1938,16
4214.721,-1.000,0.188,0.000,33,1644,16
4221.696,-1.000,0.221,0.000,33,1644,32
4233.713,-1.000,4.688,0.053,33,5763,32
4269.708,-1.000,4.651,0.121,33,5763,29
4274.704,-1.000,0.249,0.000,33,1644,7
4323.714,-1.000,1.499,0.094,33,6083,3
4398.691,-1.000,4.640,0.149,33,5763,18
4429.707,-1.000,0.249,0.000,33,1644,28
4435.694,-1.000,1.468,0.124,33,6083,8
4448.697,-1.000,3.749,0.000,33,1644,8
4447.702,-1.000,4.624,0.175,33,5763,19
4456.695,-1.000,0.219,0.000,33,1644,4
4475.690,-1.000,0.219,0.000,33,2473,1
4487.676,0.110,0.536,0.000,34,2473,34
4488.675,0.106,0.444,0.000,35,2473,35
4490.677,-1.000,0.197,0.000,35,1644,34
4502.685,-1.000,5.636,0.000,35,1754,32
4533.697,-1.000,0.279,0.000,35,2320,14
4544.673,-1.000,0.220,0.000,35,2320,23
4661.667,-1.000,0.220,0.000,35,1644,22
4695.672,-1.000,4.809,0.144,35,5763,16
4720.667,-1.000,0.257,0.000,35,1938,27
4734.684,-1.000,0.218,0.000,35,1938,22
4747.674,-1.000,0.218,0.000,35,2320,1
4757.669,-1.000,0.218,0.000,35,1644,16
4797.678,0.109,0.533,0.000,36,2473,36
4805.671,-1.000,0.220,0.000,36,1644,35
4858.668,-1.000,0.220,0.000,36,1644,13
4860.667,0.105,0.457,0.000,37,2473,37
4873.652,-1.000,0.218,0.000,37,1644,1
4893.662,-1.000,0.220,0.000,37,1644,31
4894.650,-1.000,0.219,0.000,37,1644,21
4949.662,-1.000,1.507,0.120,37,5763,4
4979.654,0.107,0.535,0.000,38,2473,38
4988.658,-1.000,0.220,0.000,38,1644,24
5013.662,-1.000,0.219,0.000,38,1644,22
5018.659,0.106,0.446,0.000,39,2473,39
5021.656,-1.000,1.754,0.000,39,1644,33
5021.656,-1.000,4.935,0.149,39,5763,12
5057.654,0.105,0.504,0.000,40,2473,40
5060.634,-1.000,0.227,0.000,40,1644,36
5108.639,-1.000,0.339,0.000,40,1644,15
5114.634,-1.000,1.616,0.124,40,6083,5
5128.635,-1.000,0.249,0.000,40,1644,25
5145.647,-1.000,1.411,0.118,40,5763,16
5147.639,0.106,0.532,0.000,41,2473,41
5167.653,-1.000,0.218,0.000,41,1644,39
5236.631,0.110,0.446,0.000,42,2473,42
5259.627,-1.000,1.484,0.096,42,6083,6
5298.636,-1.000,0.250,0.000,42,1644,40
5315.630,-1.000,0.249,0.000,42,1644,32
5312.634,-1.000,4.883,0.054,42,5763,39
5356.615,-1.000,4.643,0.151,42,5763,22
5362.615,-1.000,0.248,0.000,42,2473,12
5383.617,-1.000,4.635,0.149,42,5763,25
5390.614,-1.000,0.257,0.000,42,1644,4
5405.632,-1.000,0.279,0.000,42,1938,34
5401.630,-1.000,5.823,0.000,42,1596,6
5461.607,-1.000,0.249,0.000,42,1644,41
5485.620,-1.000,0.219,0.000,42,2320,42
5503.606,-1.000,0.220,0.000,42,1644,27
5511.612,-1.000,4.751,0.149,42,5763,33
5546.603,-1.000,0.249,0.000,42,2320,38
5550.621,-1.000,0.226,0.000,42,1644,12
5576.605,-1.000,0.220,0.000,42,1938,32
5591.622,-1.000,4.664,0.119,42,5763,21
5598.620,-1.000,0.248,0.000,42,1644,42
5678.605,-1.000,0.250,0.000,42,1644,20
5698.613,-1.000,0.220,0.000,42,1938,17
5717.589,-1.000,0.249,0.000,42,2473,32
5752.586,-1.000,0.219,0.000,42,1644,30
5805.581,-1.000,0.220,0.000,42,1644,29
5807.580,-1.000,4.759,0.149,42,5763,27
5838.591,-1.000,4.394,0.305,42,10112,10
5857.589,-1.000,1.322,0.145,42,10112,13
5869.595,-1.000,0.248,0.000,42,1644,32
5909.572,0.110,0.534,0.000,43,2473,43
5959.593,0.107,0.446,0.000,44,2473,44
5984.574,-1.000,0.248,0.000,44,1644,6
5994.568,-1.000,4.488,0.332,44,10112,41
6057.571,-1.000,1.383,0.053,44,5763,32
6064.585,-1.000,0.248,0.000,44,1644,34
6086.580,-1.000,1.273,0.000,44,1644,43
6086.580,-1.000,6.054,0.000,44,1756,18
6113.585,-1.000,0.280,0.000,44,1644,39
6115.557,-1.000,0.219,0.000,44,1644,37
6116.573,-1.000,0.218,0.000,44,2473,3
6142.556,-1.000,4.575,0.329,44,10112,31
6190.572,-1.000,4.402,0.321,44,10112,20
6202.577,-1.000,4.371,0.299,44,10112,40
6268.574,-1.000,0.252,0.000,44,1644,9
6272.546,-1.000,5.561,0.000,44,1760,32
6316.563,-1.000,0.250,0.000,44,1644,23
6344.547,-1.000,0.219,0.000,44,1938,23
6397.544,-1.000,8.176,0.322,44,10112,34
6398.541,-1.000,8.269,0.119,44,5763,43
6410.538,-1.000,5.683,0.000,44,1772,16
6486.543,-1.000,0.250,0.000,44,1644,38
6492.530,-1.000,1.415,0.148,44,5763,39
6495.535,-1.000,4.689,0.148,44,5763,26
6520.534,-1.000,1.391,0.118,44,5763,1
6516.557,-1.000,5.919,0.118,44,5763,30
6525.551,-1.000,1.370,0.119,45,5763,9
6526.543,0.112,0.670,0.000,45,2473,45
6540.554,-1.000,1.360,0.000,45,311,18
6542.530,-1.000,0.248,0.000,45,1923,39
6553.532,-1.000,0.219,0.000,45,1644,26
6597.527,-1.000,0.220,0.000,45,1938,28
6628.534,-1.000,4.669,0.150,45,5763,15
6638.537,-1.000,0.248,0.000,45,1938,14
6651.542,-1.000,0.220,0.000,45,1938,12
6654.520,-1.000,0.218,0.000,45,1938,38
6662.522,-1.000,5.465,0.000,45,1778,18
6679.543,-1.000,0.248,0.000,45,1644,11
6688.540,-1.000,0.247,0.000,45,1644,10
6687.517,-1.000,1.626,0.097,45,6083,2
6693.541,-1.000,0.249,0.000,45,1644,17
6705.527,-1.000,0.219,0.000,45,1644,45
6726.519,0.108,0.534,0.000,46,2473,46
6732.519,-1.000,0.221,0.000,46,1938,24
6733.538,-1.000,0.219,0.000,46,1644,33
6742.523,-1.000,0.225,0.000,46,2473,18
6742.523,-1.000,0.311,0.000,46,1644,21
6752.536,-1.000,0.218,0.000,46,1644,14
6759.522,-1.000,1.475,0.000,46,5763,10
6771.526,-1.000,0.250,0.000,46,1938,36
6773.525,0.106,0.476,0.000,47,2473,47
6777.523,-1.000,0.218,0.000,47,1938,6
6798.508,-1.000,1.351,0.000,47,5763,11
6805.517,-1.000,5.680,0.000,47,1768,22
6843.520,-1.000,0.250,0.000,47,1644,46
6872.507,-1.000,0.220,0.000,47,1644,47
6882.524,-1.000,1.567,0.094,47,6083,34
6877.504,-1.000,6.906,0.000,47,1760,15
6892.519,-1.000,1.945,0.000,47,703,12
6911.525,0.107,0.562,0.000,47,2473,48
6971.518,-1.000,3.072,0.121,47,5763,26
6972.517,-1.000,5.134,0.119,47,5763,45
7007.492,-1.000,1.653,0.120,47,5763,7
7005.514,-1.000,6.437,0.000,47,703,23
7009.519,-1.000,3.700,0.000,47,311,22
7022.517,-1.000,4.641,0.000,47,5763,47
7027.519,-1.000,5.622,0.000,47,1760,27
7033.494,-1.000,5.821,0.120,47,5763,33
7033.494,-1.000,5.131,0.946,47,10112,46
7076.513,-1.000,0.249,0.000,47,1644,39
7080.502,-1.000,2.464,0.000,47,2473,30
7133.483,-1.000,0.278,0.000,47,2473,16
7149.504,-1.000,5.800,0.000,47,1760,22
7162.491,-1.000,0.248,0.000,47,1644,28
7169.506,-1.000,0.218,0.000,47,1938,14
7172.489,-1.000,1.501,0.123,47,6083,20
7208.497,-1.000,4.673,0.000,47,5763,28
7249.475,-1.000,0.253,0.000,47,1644,44
7250.500,-1.000,1.541,0.000,47,1596,20
7268.485,-1.000,0.251,0.000,47,2473,9
7288.485,-1.000,0.251,0.000,47,1923,26
7314.496,-1.000,0.250,0.000,47,1923,33
7337.491,0.114,0.535,0.000,48,2473,49
7378.482,-1.000,0.219,0.000,48,1644,9
7392.492,-1.000,1.501,0.145,48,5763,8
7414.483,-1.000,0.249,0.000,48,1644,26
7428.481,-1.000,0.220,0.000,48,1644,6
7432.484,-1.000,5.461,0.000,48,1762,11
7448.486,-1.000,0.249,0.000,48,1644,41
7452.484,-1.000,0.221,0.000,48,2473,19
7475.463,-1.000,0.220,0.000,48,1923,25
7528.474,-1.000,0.221,0.000,48,1938,42
7551.464,-1.000,5.527,0.000,48,1754,7
7589.464,-1.000,0.249,0.000,48,2473,27
7645.472,-1.000,0.219,0.000,48,1644,42
7658.461,0.108,0.533,0.000,49,2473,50
7676.448,-1.000,0.219,0.000,49,1938,9
7698.448,-1.000,0.219,0.000,49,1644,9
7710.460,-1.000,0.219,0.000,49,1644,50
7718.466,-1.000,0.220,0.000,49,2473,22
7733.456,-1.000,1.354,0.148,49,10112,39
7770.457,-1.000,0.219,0.000,49,1644,27
7789.458,-1.000,0.219,0.000,49,1938,50
7806.439,-1.000,4.668,0.150,49,5763,35
7823.459,-1.000,1.381,0.060,49,6083,39
7825.446,-1.000,1.261,0.137,49,10112,27
7832.443,0.109,0.509,0.000,50,2473,51
7856.448,-1.000,1.386,0.149,50,5763,29
7871.441,-1.000,0.249,0.000,50,1644,48
7885.431,-1.000,0.218,0.000,50,1923,35
7889.449,-1.000,0.218,0.000,50,1644,15
7892.433,-1.000,1.441,0.095,50,6083,31
7902.428,-1.000,0.249,0.000,50,1923,28
7911.443,-1.000,1.562,0.000,50,2655,32
7920.453,-1.000,0.219,0.000,50,1644,51
7934.433,-1.000,0.221,0.000,50,1644,24
7938.427,-1.000,5.291,0.000,50,1754,32
7948.434,-1.000,0.249,0.000,50,1644,49
7958.427,-1.000,5.555,0.000,50,1596,5
7975.429,-1.000,4.517,0.270,50,10112,44
7998.434,-1.000,0.277,0.000,50,1644,16
7994.448,-1.000,5.874,0.000,50,1768,29
8012.449,0.109,0.534,0.000,51,2473,52
8026.429,-1.000,0.220,0.000,51,1938,51
8033.424,-1.000,1.125,0.000,51,1644,51
8033.424,-1.000,5.559,0.000,51,1596,34
8040.418,-1.000,0.249,0.000,51,1644,23
8039.424,-1.000,1.516,0.150,51,5763,6
8053.439,-1.000,1.332,0.000,51,5763,16
8054.434,-1.000,1.713,0.000,51,1596,34
8060.418,-1.000,1.422,0.124,51,6083,40
8089.423,-1.000,1.789,0.061,51,6083,44
8118.418,-1.000,0.280,0.000,51,1644,30
8161.434,-1.000,0.249,0.000,51,1938,15
8211.433,-1.000,0.220,0.000,51,1644,18
8215.423,-1.000,0.219,0.000,51,1644,50
8217.425,0.114,0.535,0.000,52,2473,53
8275.419,-1.000,0.225,0.000,52,2473,33
8290.412,-1.000,1.479,0.000,52,5763,18
8310.405,-1.000,4.649,0.147,52,5763,51
8325.415,-1.000,1.596,0.000,52,1596,44
8329.413,-1.000,5.154,0.000,52,703,38
8346.418,-1.000,0.249,0.000,52,2473,29
8351.401,-1.000,1.444,0.123,52,6083,46
8357.411,-1.000,0.248,0.000,52,1644,15
8391.421,-1.000,0.220,0.000,52,1938,4
8409.409,-1.000,0.250,0.000,52,1644,6
8408.413,-1.000,1.630,0.000,52,1596,44
8413.403,-1.000,1.443,0.000,52,1596,46
8471.389,-1.000,0.256,0.000,52,2473,16
8524.394,-1.000,1.501,0.120,52,5763,17
8558.390,-1.000,1.353,0.124,52,6083,27
8576.379,-1.000,0.249,0.000,52,1644,1
8577.400,-1.000,0.220,0.000,52,2473,25
8580.381,-1.000,0.220,0.000,52,1938,24
8600.394,-1.000,0.219,0.000,52,1644,25
8607.389,-1.000,4.652,0.120,52,5763,50
8623.381,-1.000,1.561,0.000,52,2654,7
8634.393,-1.000,0.249,0.000,52,1644,35
8643.381,-1.000,1.887,0.000,52,703,4
8660.378,-1.000,0.250,0.000,52,1644,53
8690.374,-1.000,0.221,0.000,52,1644,43
8726.373,-1.000,5.155,0.000,52,703,36
8747.387,-1.000,0.249,0.000,52,2473,32
8754.384,-1.000,1.293,0.156,52,10112,43
8817.367,-1.000,1.262,0.170,52,10112,9
8820.363,0.116,0.545,0.000,53,2473,54
8844.372,-1.000,1.416,0.000,53,311,44
8859.367,-1.000,1.382,0.102,53,6083,13
8874.357,-1.000,0.250,0.000,53,1644,19
8908.367,-1.000,0.280,0.000,53,1644,8
8904.355,-1.000,5.723,0.000,53,1760,51
8911.357,-1.000,0.220,0.000,53,1644,32
8974.361,-1.000,1.443,0.000,53,311,46
8993.366,-1.000,0.271,0.000,53,1938,19
9018.352,-1.000,0.221,0.000,53,1644,40
9023.358,-1.000,1.652,0.000,53,2655,36
9028.361,-1.000,1.292,0.153,53,10112,15
9050.370,-1.000,1.335,0.000,53,5763,51
9049.347,-1.000,6.566,0.000,53,1754,18
9061.352,-1.000,0.249,0.000,53,2473,5
9104.364,0.145,0.599,0.000,54,2473,55
9117.354,-1.000,0.817,0.000,54,1644,3
9119.363,-1.000,1.265,0.000,54,1644,17
9116.356,-1.000,5.143,0.120,54,5763,37
9139.339,-1.000,1.383,0.127,54,5763,26
9148.349,-1.000,0.225,0.000,55,2473,45
9148.349,0.116,0.501,0.000,55,2473,56
9158.354,-1.000,1.383,0.000,55,5763,40
9166.344,-1.000,1.533,0.000,55,2655,34
9173.344,-1.000,0.218,0.000,55,1644,37
9175.341,-1.000,1.383,0.118,55,5763,21
9184.350,-1.000,0.250,0.000,55,1644,50
9210.333,-1.000,1.538,0.000,55,2656,11
9259.355,-1.000,1.388,0.068,55,6043,43
9275.330,-1.000,1.324,0.150,55,5763,8
9308.345,-1.000,1.593,0.000,55,1596,31
9321.335,-1.000,1.563,0.121,55,5763,23
9327.344,-1.000,1.385,0.145,55,5763,25
9336.326,-1.000,0.250,0.000,55,1644,22
9343.331,-1.000,0.221,0.000,55,2473,10
9380.344,0.112,0.544,0.000,56,2473,57
9424.344,-1.000,1.324,0.157,56,10112,30
9433.341,-1.000,1.593,0.000,56,1596,39
9456.330,-1.000,0.249,0.000,56,2320,10
9459.337,-1.000,1.381,0.102,56,6083,15
9473.319,-1.000,0.250,0.000,56,1644,26
9486.342,0.091,1.803,0.000,57,2473,58
9486.342,-1.000,2.070,0.000,57,1923,40
9486.342,-1.000,2.484,0.000,57,703,19
9513.335,-1.000,1.472,0.000,57,1596,39
9530.339,-1.000,0.249,0.000,57,1923,8
9550.319,-1.000,0.220,0.000,57,2473,2
9563.319,-1.000,1.266,0.200,57,10112,32
9594.320,-1.000,1.322,0.000,57,5763,26
9599.332,-1.000,0.249,0.000,57,1644,29
9606.333,-1.000,0.218,0.000,57,1644,43
9632.318,-1.000,0.220,0.000,57,1938,29
9638.330,-1.000,0.279,0.000,57,1644,55
9633.307,-1.000,5.686,0.000,57,1596,44
9679.318,-1.000,0.248,0.000,57,1644,30
9719.296,-1.000,0.249,0.000,57,1938,48
9733.309,-1.000,0.220,0.000,57,1644,45
9809.302,-1.000,1.502,0.129,57,5763,50
9815.316,-1.000,0.248,0.000,57,1644,58
9834.314,-1.000,1.384,0.000,57,5763,45
9860.290,0.110,0.543,0.000,57,2473,59
9884.302,-1.000,1.353,0.000,57,311,39
9887.310,-1.000,0.249,0.000,57,1644,13
9896.298,-1.000,1.351,0.094,57,6083,9
9918.299,-1.000,1.498,0.000,57,2655,4
9924.287,0.108,0.507,0.000,58,2473,60
9965.286,-1.000,0.221,0.000,58,1644,16
9972.280,-1.000,1.443,0.119,58,5763,17
9974.304,-1.000,5.333,0.000,58,1754,50
10015.302,-1.000,1.410,0.119,58,5763,8
10027.276,-1.000,5.634,0.000,58,1762,47
10051.287,-1.000,5.471,0.000,58,1754,17
10066.283,-1.000,1.232,0.000,58,311,11
10073.275,-1.000,1.383,0.119,58,5763,37
10076.278,-1.000,1.291,0.000,58,311,18
10104.294,-1.000,1.120,0.000,58,1644,48
10099.291,-1.000,8.017,0.000,58,1784,51
10107.271,-1.000,0.243,0.000,58,1644,14
10103.294,-1.000,4.545,0.000,58,703,36
10102.295,-1.000,10.342,0.000,58,1596,27
10174.268,-1.000,0.249,0.000,58,1644,5
10189.280,-1.000,4.736,0.150,58,5763,53
10195.281,-1.000,1.350,0.052,58,5763,5
10203.268,-1.000,0.250,0.000,58,2320,57
10252.280,-1.000,0.222,0.000,58,2473,20
10290.273,-1.000,1.516,0.000,58,1596,46
10349.259,-1.000,1.353,0.120,58,5763,1
10351.263,-1.000,0.249,0.000,58,1644,40
10375.254,-1.000,5.213,0.000,58,1774,5
10388.254,-1.000,1.534,0.000,58,2655,36
10399.267,-1.000,0.250,0.000,58,1644,57
10403.265,-1.000,1.263,0.155,58,10112,22
10419.260,-1.000,0.226,0.000,58,1644,20
10419.260,-1.000,1.506,0.129,58,5763,41
10427.265,-1.000,0.218,0.000,58,1923,41
10443.261,-1.000,0.230,0.000,59,2473,17
10443.261,0.121,0.529,0.000,59,2473,61
10477.254,0.108,0.451,0.000,60,2473,62
10494.250,-1.000,1.062,0.000,60,1644,10
10494.250,-1.000,1.685,0.000,60,1596,9
10500.239,-1.000,1.479,0.000,60,1596,15
10504.267,0.106,0.506,0.000,61,2473,63
10512.247,-1.000,0.220,0.000,61,1644,25
10540.240,-1.000,1.510,0.094,61,6083,32
10550.261,0.106,0.510,0.000,62,2473,64
10572.256,-1.000,1.263,0.153,62,10112,3
10593.254,-1.000,1.061,0.000,62,1644,23
10590.247,-1.000,4.842,0.119,62,5763,55
10600.244,-1.000,5.562,0.000,62,1760,26
10606.249,-1.000,1.534,0.000,62,1596,39
10610.239,-1.000,0.247,0.000,62,1644,15
10629.248,0.108,0.531,0.000,63,2473,65
10630.241,-1.000,0.218,0.000,63,1938,6
10642.235,-1.000,0.220,0.000,63,1644,38
10646.254,-1.000,4.425,0.281,63,10112,42
10655.231,-1.000,5.434,0.000,63,1754,18
10666.251,-1.000,0.248,0.000,63,1644,6
10692.250,-1.000,0.221,0.000,63,1644,51
10728.248,-1.000,0.221,0.000,63,1644,52
10730.247,-1.000,0.219,0.000,63,1644,63
10737.244,-1.000,0.219,0.000,63,2473,39
10769.239,-1.000,5.441,0.000,63,1756,18
10783.237,-1.000,1.439,0.093,63,6083,22
10800.236,-1.000,1.511,0.000,63,2653,19
10813.241,0.108,0.533,0.000,64,2473,66
10850.226,-1.000,1.357,0.150,64,5763,10
10853.233,-1.000,1.502,0.000,64,2655,44
10891.222,-1.000,5.201,0.000,64,703,24
10903.222,-1.000,0.250,0.000,64,2473,28
10916.228,-1.000,1.470,0.119,64,5763,6
10949.230,-1.000,4.381,0.277,64,10112,49
10975.213,-1.000,0.280,0.000,64,2473,46
10985.207,-1.000,1.600,0.000,64,1938,15
10985.207,-1.000,2.014,0.000,64,703,4
11035.216,-1.000,1.351,0.119,64,5763,25
11065.227,-1.000,0.249,0.000,64,1644,17
11076.213,-1.000,0.219,0.000,64,2473,41
11082.224,-1.000,0.225,0.000,64,1923,10
11083.222,-1.000,6.428,0.000,64,1754,21
11082.224,-1.000,10.416,0.301,64,10112,58
11100.205,-1.000,1.419,0.000,64,311,18
11109.196,-1.000,1.560,0.000,64,2655,24
11126.209,-1.000,0.249,0.000,64,1644,25
11171.194,-1.000,1.266,0.146,64,10112,40
11184.216,-1.000,0.249,0.000,64,1644,2
11204.200,-1.000,1.321,0.000,64,311,4
11206.194,-1.000,1.319,0.148,64,5763,20
11225.212,-1.000,0.248,0.000,64,2473,6
11229.209,-1.000,1.326,0.053,64,5763,25
11237.210,-1.000,0.250,0.000,64,1644,56
11276.211,-1.000,0.221,0.000,64,1644,33
11277.204,-1.000,1.352,0.120,64,5763,30
11279.198,-1.000,0.249,0.000,64,1923,53
11292.186,0.112,0.535,0.000,65,2473,67
11293.186,-1.000,0.220,0.000,65,1938,57
11300.182,-1.000,1.571,0.000,65,1596,9
11308.200,-1.000,1.295,0.157,65,10112,51
11313.193,-1.000,1.502,0.000,65,2655,11
11346.200,-1.000,0.250,0.000,65,1644,29
11351.185,-1.000,0.220,0.000,65,1644,53
11374.188,-1.000,1.802,0.000,65,703,19
11376.188,-1.000,1.333,0.052,65,6083,40
11377.183,-1.000,1.570,0.000,65,5763,2
11384.175,0.109,0.533,0.000,66,2473,68
11390.188,-1.000,1.004,0.000,66,2473,10
11387.193,-1.000,4.564,0.329,66,10112,48
11394.184,-1.000,5.490,0.000,66,1754,7
11405.174,-1.000,0.249,0.000,66,1923,30
11412.198,-1.000,1.385,0.000,66,311,47
11415.177,-1.000,4.671,0.149,66,5763,52
11444.186,-1.000,0.250,0.000,66,1644,59
11450.194,-1.000,0.223,0.000,66,1644,40
11450.194,-1.000,4.702,0.054,66,5763,59
11464.185,-1.000,0.249,0.000,66,1644,67
11467.194,-1.000,5.516,0.000,66,1758,50
11478.175,-1.000,0.249,0.000,66,1644,25
11479.193,-1.000,1.412,0.117,66,5763,13
11508.168,-1.000,1.292,0.146,66,10112,23
11514.181,-1.000,0.249,0.000,66,1644,20
11517.188,-1.000,0.226,0.000,66,1644,57
11517.188,-1.000,0.341,0.000,66,1644,61
11544.177,-1.000,1.321,0.052,66,6083,23
11546.165,-1.000,1.262,0.146,66,10112,16
11562.167,-1.000,1.503,0.000,66,2655,50
11574.186,-1.000,1.415,0.123,66,6083,58
11579.185,-1.000,1.344,0.148,67,5763,53
11580.184,0.109,0.680,0.000,67,2473,69
11588.187,0.106,0.475,0.000,68,2473,70
11600.180,-1.000,1.571,0.000,68,2655,31
11607.182,-1.000,4.692,0.120,68,5763,14
11618.186,-1.000,5.472,0.000,68,1754,18
11635.183,-1.000,1.442,0.119,68,5763,35
11662.181,-1.000,0.255,0.000,68,1644,6
11662.181,-1.000,0.370,0.000,68,2473,19
11663.171,-1.000,0.218,0.000,68,1938,20
11689.154,-1.000,1.507,0.000,68,1596,44
11701.178,-1.000,0.249,0.000,68,1644,68
11704.156,-1.000,5.383,0.000,68,1778,37
11717.174,-1.000,0.278,0.000,68,1644,19
11721.170,-1.000,0.220,0.000,68,1644,62
11729.163,-1.000,4.784,0.053,68,5763,68
11729.163,-1.000,4.944,0.000,68,1644,48
11736.151,-1.000,0.219,0.000,68,1644,28
11759.153,-1.000,1.411,0.093,68,6083,3
11765.169,-1.000,1.350,0.000,68,5763,6
11773.152,-1.000,0.248,0.000,68,1644,35
11779.157,-1.000,1.413,0.123,68,6083,49
11812.156,-1.000,1.320,0.148,68,5763,5
11821.159,-1.000,0.250,0.000,68,1644,54
11840.165,-1.000,1.541,0.000,68,2656,27
11846.156,-1.000,1.322,0.000,68,311,26
11856.151,-1.000,1.291,0.000,68,311,18
11881.148,-1.000,0.249,0.000,68,1644,67
11883.146,-1.000,1.563,0.000,68,1596,58
11916.137,-1.000,4.644,0.000,68,5763,62
11930.148,-1.000,1.482,0.000,68,2653,9
11929.154,-1.000,6.791,0.000,68,1596,22
11936.148,-1.000,1.413,0.118,68,5763,40
11949.136,-1.000,0.249,0.000,68,1938,43
11962.142,-1.000,1.534,0.000,68,1596,49
11978.153,-1.000,1.561,0.000,68,1596,27
11986.135,-1.000,1.293,0.157,68,10112,33
12016.131,-1.000,1.322,0.053,68,6083,33
12023.146,-1.000,0.219,0.000,68,2473,27
12063.139,-1.000,0.220,0.000,68,1644,30
12067.137,-1.000,5.647,0.000,68,1756,55
12075.133,-1.000,0.249,0.000,68,1644,21
12093.141,-1.000,1.770,0.000,68,1596,44
12113.125,0.115,2.453,0.000,69,2473,71
12110.129,-1.000,5.857,0.000,69,1774,6
12129.144,-1.000,1.757,0.000,69,1938,25
12124.142,-1.000,6.995,0.000,69,1772,26
12120.138,-1.000,11.182,0.000,69,1756,5
12131.137,-1.000,0.297,0.000,69,2473,32
12161.120,-1.000,0.250,0.000,69,1644,20
12168.123,-1.000,1.382,0.000,69,1659,34
12176.134,-1.000,5.545,0.000,69,1760,52
12185.143,-1.000,0.248,0.000,69,1644,65
12189.126,-1.000,0.220,0.000,69,1644,61
12217.140,-1.000,0.221,0.000,69,1644,8
12235.115,-1.000,1.416,0.000,69,5763,21
12247.122,-1.000,1.382,0.119,69,5763,28
12254.113,-1.000,0.249,0.000,69,2473,22
12278.138,-1.000,4.696,0.000,69,5763,65
12286.135,-1.000,1.563,0.000,69,2653,55
12293.134,-1.000,1.352,0.123,69,6083,16
12297.118,-1.000,1.036,0.000,69,1644,60
12297.118,-1.000,1.689,0.000,69,1596,33
12327.111,-1.000,0.250,0.000,69,1644,39
12354.108,-1.000,1.262,0.162,69,10112,39
12363.121,-1.000,1.533,0.000,69,2655,37
12370.114,0.111,0.562,0.000,70,2473,72
12387.115,-1.000,6.496,0.000,70,1760,11
12389.121,-1.000,4.965,0.000,70,2655,7
12417.121,-1.000,0.249,0.000,70,1923,2
12426.106,-1.000,1.349,0.000,70,5763,8
12428.113,-1.000,0.248,0.000,70,2473,1
12450.102,-1.000,1.899,0.000,70,703,43
12535.104,-1.000,1.323,0.000,70,311,26
12543.113,-1.000,0.218,0.000,70,2473,2
12578.092,-1.000,1.262,0.000,70,311,43
12596.114,-1.000,5.421,0.000,70,1756,37
12606.104,-1.000,0.249,0.000,70,1644,64
12628.090,-1.000,0.224,0.000,71,1644,70
12628.090,0.115,0.528,0.000,71,2473,73
12661.092,-1.000,0.219,0.000,71,1644,32
12690.101,-1.000,1.568,0.000,71,1596,16
12755.084,-1.000,0.249,0.000,71,2473,43
12760.081,-1.000,0.217,0.000,71,1644,72
12792.096,-1.000,4.730,0.149,71,5763,57
12802.079,0.107,0.532,0.000,72,2473,74
12803.100,-1.000,0.220,0.000,72,1938,56
12818.081,-1.000,1.887,0.000,72,703,15
12841.093,-1.000,0.219,0.000,72,1644,74
12866.090,-1.000,1.331,0.000,72,311,37
12871.092,-1.000,1.391,0.121,72,5763,48
12872.086,-1.000,1.518,0.147,72,10112,30
12889.077,-1.000,1.500,0.000,72,1596,9
12898.093,-1.000,1.353,0.118,72,5763,20
12906.066,-1.000,1.264,0.146,72,10112,35
12942.079,-1.000,1.534,0.123,72,6083,42
12946.080,-1.000,2.026,0.000,72,2320,10
12946.080,-1.000,2.471,0.000,72,703,4
12949.078,-1.000,1.904,0.000,72,1644,2
12945.089,-1.000,6.693,0.000,72,5763,72
12971.089,-1.000,1.292,0.000,72,311,4
12974.088,-1.000,0.278,0.000,72,1644,46
12983.069,-1.000,4.689,0.118,72,5763,64
13012.079,-1.000,1.798,0.000,72,703,4
13052.078,-1.000,0.249,0.000,72,1644,22
13065.071,-1.000,1.412,0.053,72,6083,30
13068.069,-1.000,1.535,0.000,72,1596,44
13082.064,0.109,0.564,0.000,73,2473,75
13089.076,-1.000,1.658,0.138,73,5763,19
13095.077,-1.000,1.379,0.000,73,311,5
13104.058,-1.000,0.249,0.000,73,1644,75
13111.052,-1.000,0.220,0.000,73,2473,36
13123.055,-1.000,0.756,0.000,73,1923,65
13122.062,-1.000,4.900,0.119,73,5763,70
13151.075,-1.000,1.383,0.000,73,5763,22
13191.071,-1.000,0.249,0.000,73,1938,2
13194.047,-1.000,0.219,0.000,73,1644,28
13258.045,-1.000,0.224,0.000,73,1644,27
13275.049,-1.000,4.677,0.120,73,5763,61
13331.036,-1.000,1.445,0.166,73,10112,38
13341.053,-1.000,1.548,0.000,73,1644,56
13341.053,-1.000,1.963,0.000,73,703,24
13346.039,-1.000,0.249,0.000,73,1644,49
13351.053,-1.000,1.594,0.000,73,1596,30
13357.045,-1.000,1.504,0.000,73,2655,34
13363.042,-1.000,5.599,0.000,73,1768,50
13376.042,-1.000,1.591,0.000,73,2655,30
13379.057,-1.000,1.291,0.000,73,311,9
13384.059,-1.000,0.249,0.000,73,2473,68
13396.048,-1.000,0.218,0.000,73,1644,38
13399.054,-1.000,0.218,0.000,73,1644,42
13411.050,-1.000,5.522,0.000,73,1756,72
13422.039,-1.000,0.249,0.000,73,1644,71
13498.043,-1.000,5.417,0.000,73,1754,6
13525.030,-1.000,0.249,0.000,73,1644,1
13528.037,-1.000,1.693,0.000,73,1644,2
13528.037,-1.000,4.617,0.326,73,10112,75
13541.031,0.115,0.535,0.000,74,2473,76
13560.030,-1.000,1.389,0.150,74,5763,17
13562.031,-1.000,0.248,0.000,74,1923,14
13571.042,-1.000,0.219,0.000,74,1644,33
13582.021,-1.000,7.273,0.000,74,1772,37
13585.026,-1.000,8.597,0.000,74,1774,18
13582.021,-1.000,16.151,0.000,74,1772,19
13608.031,-1.000,1.437,0.000,74,311,72
13619.025,-1.000,0.249,0.000,74,1644,10
13635.026,-1.000,4.664,0.149,74,5763,74
13640.034,-1.000,0.249,0.000,74,1938,71
13664.026,-1.000,0.675,0.000,74,1644,66
13664.026,-1.000,1.960,0.156,74,5763,42
13668.031,-1.000,0.249,0.000,74,1644,43
13663.029,-1.000,6.142,0.148,74,5763,56
13676.026,-1.000,1.352,0.149,74,5763,27
13693.013,-1.000,0.249,0.000,74,1923,20
13698.010,-1.000,0.218,0.000,74,1644,68
13699.024,-1.000,5.537,0.000,74,1758,26
13706.014,-1.000,5.618,0.000,74,1768,22
13729.016,0.108,0.563,0.000,75,2473,77
13731.029,-1.000,4.704,0.120,75,5763,63
13747.016,-1.000,1.322,0.000,75,1659,5
13785.022,-1.000,0.249,0.000,75,1644,71
13788.001,-1.000,0.219,0.000,75,1644,3
13789.018,-1.000,0.226,0.000,75,1644,48
13789.018,-1.000,1.444,0.148,75,5763,29
13820.019,-1.000,5.394,0.000,75,1754,53
13836.017,-1.000,0.249,0.000,75,1644,50
13849.010,-1.000,0.219,0.000,75,2473,53
13862.016,-1.000,0.219,0.000,75,1644,17
13864.013,-1.000,1.411,0.145,75,5763,33
13884.006,-1.000,1.565,0.000,75,2655,58
13894.008,-1.000,1.471,0.000,75,2655,19
13897.018,-1.000,5.480,0.000,75,1754,59
13924.007,-1.000,1.415,0.000,75,311,52
13948.018,-1.000,0.250,0.000,75,2473,63
13949.008,-1.000,0.218,0.000,75,1644,36
13959.010,-1.000,1.327,0.000,75,311,44
13975.991,-1.000,1.321,0.153,75,10112,3
13980.998,-1.000,1.321,0.000,75,1714,19
13988.999,-1.000,0.248,0.000,75,1644,25
13991.986,-1.000,1.500,0.000,75,1596,9
13996.986,-1.000,1.561,0.000,75,2655,16
14028.984,-1.000,1.350,0.118,75,5763,2
14066.994,-1.000,5.589,0.000,75,1768,2
14077.005,-1.000,0.226,0.000,76,1644,41
14077.005,0.117,0.558,0.000,76,2473,78
14082.980,-1.000,1.590,0.000,76,1596,30
14094.994,-1.000,1.677,0.145,76,5763,68
14097.987,-1.000,4.755,0.121,76,5763,66
14132.978,-1.000,7.927,0.000,76,1758,11
14130.001,-1.000,11.147,0.000,77,1756,13
14140.992,0.109,0.583,0.000,77,2473,79
14161.990,-1.000,2.366,0.000,78,2473,55
14163.982,0.108,0.652,0.000,78,2473,80
14159.976,-1.000,6.013,0.000,78,1756,72
14183.978,-1.000,1.444,0.124,78,6043,35
14222.976,-1.000,2.263,0.124,78,6083,3
14222.976,-1.000,6.716,0.000,78,1756,52
14242.990,-1.000,0.250,0.000,78,1644,80
14254.976,-1.000,1.319,0.170,78,10112,1
14256.980,-1.000,0.249,0.000,78,2473,20
14259.987,-1.000,4.730,0.150,78,5763,67
14296.980,-1.000,0.251,0.000,78,1644,63
14300.977,-1.000,1.276,0.155,78,10112,41
14301.973,-1.000,0.529,0.000,78,1644,75
14309.987,-1.000,1.367,0.097,78,6083,51
14312.982,-1.000,4.613,0.119,78,5763,60
14318.978,-1.000,0.248,0.000,78,2473,42
14336.978,-1.000,1.329,0.146,78,10112,63
14332.964,-1.000,6.018,0.148,78,5763,54
14359.975,-1.000,1.540,0.000,78,1596,51
14384.976,-1.000,3.487,0.119,78,5763,48
14381.976,-1.000,6.712,0.000,78,1596,58
14390.986,-1.000,2.206,0.120,78,5763,36
14390.986,-1.000,6.780,0.000,78,1758,70
14410.973,-1.000,1.592,0.000,78,2653,18
14413.957,-1.000,0.279,0.000,78,1644,47
14418.960,-1.000,5.329,0.000,78,1756,7
14424.969,-1.000,0.249,0.000,78,1644,67
14438.972,-1.000,0.219,0.000,78,2473,29
14449.953,-1.000,0.221,0.000,78,1923,57
14468.957,0.114,0.535,0.000,79,2473,81
14501.977,-1.000,0.219,0.000,79,2473,54
14506.975,-1.000,0.218,0.000,79,1644,29
14519.968,-1.000,0.250,0.000,79,1644,58
14533.952,-1.000,0.250,0.000,79,2473,30
14545.972,-1.000,1.657,0.000,79,1596,23
14570.963,-1.000,1.356,0.054,79,5763,58
14580.951,-1.000,0.249,0.000,79,1644,69
14601.942,-1.000,1.174,0.000,79,311,31
14628.962,-1.000,2.025,0.177,79,10112,17
14628.962,-1.000,2.820,0.000,79,2655,11
14659.942,-1.000,0.251,0.000,79,1644,56
14664.949,-1.000,0.886,0.000,79,1644,61
14664.949,-1.000,1.481,0.118,79,5763,32
14676.938,-1.000,0.250,0.000,79,1644,55
14716.953,-1.000,0.220,0.000,79,1644,78
14729.950,-1.000,5.680,0.000,79,1762,48
14741.960,-1.000,1.382,0.000,79,1714,31
14763.959,0.108,0.533,0.000,80,2473,82
14774.948,-1.000,0.261,0.000,80,1644,33
14850.925,-1.000,1.416,0.093,80,6083,63
14857.952,-1.000,1.349,0.117,80,5763,72
14863.928,-1.000,0.249,0.000,80,1644,79
14876.949,-1.000,1.351,0.118,80,5763,2
14893.927,-1.000,1.505,0.000,80,1596,44
14920.927,-1.000,0.250,0.000,80,1644,62
14923.935,-1.000,0.220,0.000,80,1644,57
14937.924,-1.000,5.396,0.000,80,1754,40
14961.941,-1.000,1.325,0.146,80,10112,55
14972.941,-1.000,1.041,0.000,80,1644,54
14973.916,-1.000,1.170,0.000,80,311,31
14972.941,-1.000,6.721,0.000,80,1762,11
14979.925,-1.000,0.248,0.000,80,1644,82
14980.921,-1.000,0.219,0.000,80,2320,73
15024.921,-1.000,1.590,0.000,80,1596,16
15045.924,-1.000,4.450,0.327,80,10112,71
15060.924,-1.000,1.396,0.053,80,6083,55
15061.920,-1.000,4.917,0.148,80,5763,80
15075.928,-1.000,1.353,0.000,80,311,26
15083.907,-1.000,0.248,0.000,80,1644,81
15085.934,-1.000,1.323,0.147,80,5763,46
15089.915,-1.000,5.804,0.000,80,1596,34
15113.919,-1.000,0.308,0.000,80,2473,72
15116.926,-1.000,5.485,0.000,80,1754,58
15122.913,-1.000,1.408,0.000,80,1714,5
15139.924,-1.000,1.402,0.113,80,6083,39
15181.907,-1.000,0.280,0.000,80,1644,24
15176.919,-1.000,5.832,0.000,80,1762,68
15186.907,-1.000,4.489,0.328,80,10112,78
15208.919,-1.000,6.699,0.000,80,1596,35
15209.913,-1.000,5.910,0.000,80,1596,44
15223.905,-1.000,0.974,0.000,80,1644,42
15223.905,-1.000,1.595,0.148,80,5763,67
15232.900,-1.000,1.505,0.000,80,2655,19
15236.898,-1.000,0.249,0.000,80,2473,21
15254.919,-1.000,1.326,0.000,80,311,58
15257.900,-1.000,5.469,0.000,80,1754,8
15281.898,-1.000,1.387,0.149,80,5763,49
15296.900,0.121,1.029,0.000,81,2473,83
15296.900,-1.000,1.776,0.147,81,10112,57
15299.891,-1.000,0.249,0.000,81,1644,22
15297.920,-1.000,2.457,0.000,81,2655,44
15302.896,-1.000,5.567,0.000,81,1772,68
15301.899,-1.000,10.837,0.000,81,1754,74
15315.914,-1.000,1.389,0.052,81,5763,22
15312.912,-1.000,6.939,0.000,81,1760,60
15323.899,-1.000,5.645,0.000,81,1784,67
15339.894,-1.000,1.569,0.000,81,2655,9
15342.917,-1.000,5.468,0.000,81,1772,18
15348.916,-1.000,1.444,0.122,81,6083,41
15369.898,-1.000,0.250,0.000,81,1938,42
15377.907,-1.000,1.532,0.000,81,2655,40
15382.890,-1.000,0.226,0.000,81,2473,27
15382.890,-1.000,5.452,0.000,81,1756,58
15401.898,-1.000,0.250,0.000,81,1923,64
15425.911,-1.000,0.219,0.000,81,2473,13
15433.884,-1.000,0.220,0.000,81,1644,20
15442.905,-1.000,1.535,0.000,81,2655,58
15445.890,-1.000,5.437,0.000,81,1754,80
15451.889,-1.000,0.249,0.000,81,1644,52
15457.893,-1.000,1.444,0.118,80,5763,61
15499.892,-1.000,1.299,0.000,80,1659,5
15508.878,-1.000,0.248,0.000,80,1644,72
15515.901,-1.000,1.532,0.000,80,2654,59
15523.881,-1.000,1.470,0.000,80,2647,5
15525.880,-1.000,0.225,0.000,80,1644,73
15525.880,-1.000,1.624,0.000,80,2656,34
15529.904,-1.000,1.364,0.095,80,6083,57
15566.900,0.110,0.534,0.000,81,2473,84
15571.887,-1.000,1.393,0.095,81,6083,17
15572.881,-1.000,0.541,0.000,81,1644,53
15576.884,-1.000,0.218,0.000,81,1644,41
15603.878,-1.000,4.414,0.304,81,10112,73
15613.873,0.108,0.502,0.000,82,2473,85
15628.873,-1.000,1.565,0.000,82,1596,55
15634.867,-1.000,0.250,0.000,82,1644,76
15659.888,-1.000,0.220,0.000,82,1644,21
15661.868,-1.000,1.263,0.124,82,10112,53
15672.888,-1.000,1.351,0.118,82,5763,20
15674.878,-1.000,1.322,0.148,82,5763,25
15683.884,-1.000,0.249,0.000,82,1644,74
15699.872,-1.000,6.472,0.000,82,1596,9
15701.884,-1.000,5.081,0.000,82,2654,7
15737.864,-1.000,1.678,0.000,82,1596,3
15744.865,-1.000,1.559,0.000,82,2655,67
15750.866,-1.000,5.557,0.000,82,5763,74
15749.864,-1.000,6.743,0.000,82,1754,60
15767.885,-1.000,1.327,0.150,82,5763,47
15766.864,-1.000,2.693,0.093,82,6083,71
15782.879,-1.000,1.352,0.119,82,5763,33
15791.858,-1.000,0.249,0.000,82,1644,78
15794.869,-1.000,0.218,0.000,82,2320,85
15819.866,-1.000,1.630,0.000,82,2655,15
15814.875,-1.000,7.095,0.000,82,1768,7
15828.856,-1.000,4.695,0.151,82,5763,79
15833.866,-1.000,6.153,0.000,82,1754,47
15835.877,-1.000,8.768,0.000,82,1756,33
15845.873,-1.000,1.869,0.147,82,10112,56
15844.879,-1.000,6.090,0.148,82,5763,81
15850.869,-1.000,0.298,0.000,82,1938,85
15857.862,-1.000,0.220,0.000,82,2473,57
15864.878,-1.000,1.531,0.000,82,2653,4
15869.855,-1.000,1.331,0.120,82,5763,43
15873.875,-1.000,0.218,0.000,82,1644,43
15880.866,-1.000,1.358,0.149,82,5763,62
15900.866,-1.000,5.420,0.000,82,1754,59
15909.854,-1.000,0.249,0.000,82,2473,36
15926.875,-1.000,0.219,0.000,82,1938,82
15928.873,-1.000,0.219,0.000,82,2320,27
15935.870,-1.000,0.947,0.000,82,2473,14
15935.870,-1.000,1.599,0.000,82,5763,78
15945.864,-1.000,5.328,0.000,82,1778,19
15976.864,-1.000,5.606,0.000,82,1758,66
15975.842,-1.000,7.041,0.093,82,6083,73
16017.862,-1.000,0.249,0.000,82,1644,74
16021.857,-1.000,1.381,0.000,82,311,33
16040.854,-1.000,0.227,0.000,83,1644,36
16040.854,0.118,0.528,0.000,83,2473,86
16045.860,-1.000,1.918,0.000,83,703,42
16069.865,-1.000,1.330,0.000,83,5763,74
16101.858,-1.000,0.339,0.000,82,2473,17
16123.834,-1.000,0.250,0.000,82,2473,65
16141.840,-1.000,1.531,0.000,82,311,6
16154.836,-1.000,5.531,0.000,82,1754,18
16187.837,-1.000,0.277,0.000,82,1644,14
16183.832,-1.000,5.619,0.000,82,1756,6
16194.836,-1.000,0.250,0.000,82,1938,28
16197.843,-1.000,5.428,0.000,82,1596,44
16208.848,-1.000,0.248,0.000,82,1644,27
16226.849,-1.000,1.828,0.000,82,703,4
16252.844,-1.000,0.252,0.000,82,1644,84
16256.836,-1.000,1.383,0.123,82,6083,53
16258.834,-1.000,1.320,0.000,82,311,8
16263.839,-1.000,5.198,0.000,82,1754,22
16284.845,0.110,0.563,0.000,83,2473,87
16286.822,-1.000,0.219,0.000,83,1644,25
16293.819,-1.000,1.441,0.119,83,5763,24
16301.819,-1.000,1.536,0.000,83,1596,63
16344.844,-1.000,1.500,0.000,83,2655,4
16359.824,-1.000,2.030,0.172,83,10112,43
16359.824,-1.000,2.579,0.000,83,311,23
16364.829,-1.000,0.249,0.000,83,2473,35
16371.827,-1.000,0.218,0.000,83,1644,35
16373.827,-1.000,1.502,0.000,83,2655,16
16385.819,0.109,0.533,0.000,84,2473,88
16389.816,-1.000,1.361,0.000,84,5763,25
16396.825,-1.000,1.324,0.147,84,5763,38
16416.815,-1.000,0.249,0.000,84,1644,66
16441.815,0.107,0.475,0.000,85,2473,89
16470.820,0.106,0.473,0.000,86,2473,90
16504.813,-1.000,1.383,0.119,86,5763,29
16510.823,-1.000,5.733,0.000,86,1762,78
16526.802,-1.000,1.709,0.000,86,2654,42
16540.824,-1.000,1.354,0.119,86,5763,36
16544.808,-1.000,0.248,0.000,86,2473,73
16563.802,-1.000,1.352,0.000,86,311,70
16570.825,0.110,0.532,0.000,87,2473,91
16589.819,-1.000,0.250,0.000,87,1644,37
16609.813,-1.000,0.219,0.000,87,1644,3
16619.808,-1.000,1.270,0.154,87,10112,10
16621.820,-1.000,1.295,0.000,87,311,47
16623.818,-1.000,1.292,0.000,87,1714,42
16630.807,-1.000,0.259,0.000,87,1644,89
16648.811,-1.000,1.474,0.000,87,2655,59
16652.813,-1.000,0.219,0.000,87,1644,91
16656.802,0.120,1.019,0.000,88,2473,92
16656.802,-1.000,1.761,0.145,88,5763,35
16663.806,-1.000,1.533,0.000,88,1596,34
16668.811,-1.000,1.441,0.000,88,1596,23
16675.807,-1.000,1.469,0.000,88,2655,7
16703.803,-1.000,1.292,0.146,88,10112,72
16718.789,-1.000,0.249,0.000,88,2473,79
16722.799,-1.000,3.138,0.000,88,1644,1
16720.788,-1.000,5.354,0.000,88,1754,2
16729.794,-1.000,0.250,0.000,88,1644,77
16736.789,-1.000,1.410,0.118,88,5763,66
16745.794,-1.000,5.358,0.000,88,1778,29
16754.799,-1.000,1.438,0.051,88,6083,10
16764.813,-1.000,5.476,0.000,88,1756,59
16790.818,-1.000,1.530,0.000,88,2654,18
16795.795,-1.000,3.522,0.000,88,1644,17
16793.811,-1.000,5.713,0.000,88,1756,61
16792.790,-1.000,6.998,0.000,88,2653,59
16815.803,-1.000,0.250,0.000,88,1644,30
16822.797,-1.000,0.220,0.000,88,1644,46
16826.787,-1.000,0.218,0.000,88,1644,87
16836.808,-1.000,1.415,0.119,88,5763,50
16838.805,-1.000,6.738,0.000,88,1754,67
16845.807,-1.000,2.165,0.000,88,1644,90
16841.804,-1.000,6.939,0.052,88,5763,87
16851.791,-1.000,0.248,0.000,88,1644,66
16865.791,-1.000,0.220,0.000,88,1644,9
16866.779,-1.000,1.288,0.150,88,10112,1
16884.805,-1.000,0.249,0.000,88,1644,36
16895.781,-1.000,5.345,0.000,88,1778,5
16902.784,-1.000,0.247,0.000,88,1938,66
16909.795,-1.000,1.387,0.000,88,5763,9
16929.791,-1.000,1.485,0.123,88,6083,56
16934.801,-1.000,0.249,0.000,88,1644,28
16944.792,-1.000,1.559,0.000,88,1596,10
16949.793,-1.000,1.509,0.000,88,2655,34
16951.773,-1.000,1.321,0.000,88,1714,4
16967.777,-1.000,1.350,0.122,88,6083,72
16974.772,-1.000,1.323,0.000,88,5763,36
17012.784,-1.000,1.441,0.119,88,5763,3
17025.777,-1.000,0.249,0.000,88,2473,68
17064.784,-1.000,1.531,0.000,88,1596,39
17066.786,-1.000,5.406,0.000,88,1778,81
17073.791,-1.000,0.249,0.000,88,1938,69
17088.773,-1.000,0.249,0.000,88,2473,18
17094.762,-1.000,2.227,0.000,88,1659,15
17094.762,-1.000,2.728,0.000,88,311,11
17130.765,-1.000,1.361,0.148,88,5763,17
17152.757,-1.000,0.730,0.000,88,2473,40
17153.783,-1.000,3.347,0.119,88,5763,27
17151.764,-1.000,6.128,0.118,88,5763,90
17160.758,-1.000,0.228,0.000,88,1938,37
17176.769,-1.000,0.218,0.000,88,1644,37
17179.775,-1.000,1.361,0.145,88,5763,30
17183.759,-1.000,5.553,0.000,88,1784,70
17189.781,-1.000,0.249,0.000,88,1644,83
17195.771,-1.000,0.219,0.000,88,1923,87
17198.776,-1.000,0.218,0.000,88,2473,19
17229.778,-1.000,1.449,0.120,88,5763,14
17244.750,-1.000,0.221,0.000,88,1644,87
17255.779,-1.000,0.280,0.000,88,2473,85
17250.757,-1.000,6.409,0.000,88,1596,55
17254.750,-1.000,2.948,0.000,88,1714,15
17263.777,-1.000,0.250,0.000,88,1644,68
17268.752,-1.000,0.220,0.000,88,2473,47
17276.767,-1.000,0.220,0.000,88,1938,89
17281.750,-1.000,1.357,0.000,88,1714,58
17288.751,-1.000,0.249,0.000,88,1644,25
17289.769,-1.000,0.219,0.000,88,2473,29
17290.757,-1.000,0.229,0.000,88,1644,38
17302.762,-1.000,1.295,0.155,88,10112,75
17321.772,-1.000,2.532,0.000,88,2653,44
17317.756,-1.000,6.665,0.000,88,703,82
17340.768,-1.000,0.258,0.000,88,1923,30
17349.768,-1.000,0.220,0.000,88,1644,13
17354.751,-1.000,0.219,0.000,88,1644,19
17356.751,-1.000,0.219,0.000,88,1644,17
17357.769,-1.000,1.534,0.000,88,2655,42
17361.747,-1.000,1.506,0.000,88,2653,51
17375.769,0.123,1.202,0.000,89,2473,93
17375.769,-1.000,5.979,0.000,89,1756,20
17384.743,-1.000,1.412,0.145,89,5763,41
17411.756,-1.000,5.734,0.000,89,2655,4
17410.748,-1.000,6.947,0.000,89,1596,63
17417.746,-1.000,0.252,0.000,89,2320,73
17432.740,-1.000,1.505,0.000,89,2654,63
17441.760,-1.000,0.249,0.000,89,2473,64
17467.752,-1.000,1.261,0.177,89,10112,68
17485.756,0.107,0.565,0.000,90,2473,94
17481.751,-1.000,5.151,0.118,90,5763,77
17488.735,-1.000,0.249,0.000,90,1644,24
17506.757,-1.000,5.590,0.000,90,1760,14
17514.749,-1.000,0.249,0.000,90,1644,40
17536.735,-1.000,1.382,0.000,90,5763,17
17552.728,-1.000,1.443,0.000,90,1714,82
17561.748,-1.000,0.249,0.000,90,1644,65
17570.753,-1.000,1.537,0.000,90,2655,70
17581.745,-1.000,1.529,0.000,90,2655,2
17600.737,-1.000,1.506,0.000,90,2655,10
17606.753,-1.000,0.248,0.000,90,1644,79
17612.735,-1.000,2.111,0.094,90,6083,43
17612.735,-1.000,2.698,0.000,90,1596,10
17622.739,-1.000,4.699,0.119,90,5763,84
17666.720,-1.000,0.250,0.000,90,1644,32
17668.745,-1.000,5.615,0.000,90,1596,34
17689.729,-1.000,1.511,0.000,90,1596,51
17699.728,-1.000,0.248,0.000,90,1644,85
17711.724,0.108,0.538,0.000,91,2473,95
17718.726,-1.000,0.219,0.000,91,1644,86
17723.730,-1.000,1.922,0.000,91,703,42
17735.727,-1.000,0.281,0.000,91,1644,48
17726.723,-1.000,9.880,0.000,91,1754,26
17725.728,-1.000,11.080,0.000,91,1596,72
17739.744,-1.000,1.389,0.146,91,5763,5
17760.717,-1.000,0.258,0.000,91,1644,89
17774.726,-1.000,1.829,0.000,91,703,4
17813.719,-1.000,1.859,0.000,91,703,66
17831.709,-1.000,1.324,0.120,91,5763,46
17837.710,-1.000,5.365,0.000,91,1778,50
17844.734,-1.000,1.589,0.000,91,2655,20
17847.715,-1.000,0.247,0.000,91,1644,93
17862.716,-1.000,0.219,0.000,91,1644,64
17876.717,-1.000,0.219,0.000,91,2473,46
17882.706,-1.000,5.371,0.000,91,1754,11
17892.712,-1.000,0.250,0.000,91,2473,71
17893.732,0.108,0.534,0.000,92,2473,96
17897.732,-1.000,1.444,0.118,92,5763,54
17923.706,-1.000,1.293,0.147,92,10112,28
17927.721,-1.000,0.249,0.000,92,2473,90
17952.703,-1.000,1.352,0.118,92,5763,26
17954.725,-1.000,1.323,0.117,92,5763,38
17975.707,-1.000,1.295,0.000,92,1714,31
17981.697,-1.000,0.248,0.000,92,1938,65
17993.718,-1.000,4.722,0.148,92,5763,89
18002.710,-1.000,1.972,0.000,92,703,65
18010.716,-1.000,0.258,0.000,92,1644,9
18006.717,-1.000,4.494,0.276,92,10112,86
18023.722,-1.000,1.382,0.146,92,5763,87
18037.711,-1.000,1.801,0.000,92,703,82
18064.702,-1.000,1.559,0.000,92,2655,81
18068.717,-1.000,0.249,0.000,92,1644,3
18066.705,-1.000,5.785,0.000,92,1596,43
18079.710,-1.000,1.545,0.000,92,2654,55
18082.710,-1.000,1.471,0.000,92,2655,67
18091.710,-1.000,0.287,0.000,92,1644,75
18124.710,-1.000,1.742,0.000,92,2655,6
18127.697,-1.000,0.248,0.000,92,1644,35
18152.689,-1.000,0.220,0.000,92,1923,73
18155.702,0.113,0.535,0.000,93,2473,97
18160.686,-1.000,1.348,0.000,94,1659,31
18161.691,0.108,0.618,0.000,94,2473,98
18168.683,-1.000,1.321,0.000,94,1659,8
18171.701,-1.000,0.249,0.000,94,1644,46
18172.690,-1.000,0.219,0.000,94,1644,97
18178.695,-1.000,1.501,0.000,94,2655,39
18184.682,-1.000,1.498,0.000,94,2655,65
18196.699,-1.000,0.311,0.000,94,1938,64
18190.690,-1.000,6.617,0.000,94,1758,59
18193.697,-1.000,4.152,0.000,94,1596,55
18197.688,-1.000,0.276,0.000,94,1644,82
18205.709,-1.000,0.221,0.000,94,1644,88
18206.700,-1.000,1.412,0.094,94,6083,28
18224.689,-1.000,1.321,0.000,94,311,66
18248.705,-1.000,1.384,0.056,94,5763,75
18262.678,-1.000,5.378,0.000,94,1762,20
18269.684,0.109,0.563,0.000,95,2473,99
18274.700,0.107,0.445,0.000,96,2473,100
18275.695,-1.000,0.218,0.000,96,2320,71
18279.680,-1.000,0.219,0.000,96,2473,69
18283.680,-1.000,5.538,0.000,96,1756,49
18292.699,-1.000,0.248,0.000,96,2473,41
18293.687,-1.000,1.323,0.153,96,10112,13
18308.690,-1.000,0.459,0.000,96,1644,100
18307.696,-1.000,1.333,0.174,96,5763,30
18309.687,-1.000,1.478,0.000,96,1596,39
18313.685,-1.000,1.170,0.000,96,311,15
18328.701,-1.000,5.484,0.000,96,1756,54
18335.696,-1.000,0.248,0.000,96,1644,49
18341.680,-1.000,0.219,0.000,96,1644,30
18343.683,-1.000,0.219,0.000,96,2320,18
18346.693,-1.000,0.218,0.000,96,1644,99
18367.696,-1.000,0.227,0.000,96,2473,23
18367.696,-1.000,0.344,0.000,96,1938,32
18372.693,-1.000,3.948,0.000,96,2655,78
18370.678,-1.000,6.258,0.118,96,5763,76
18384.682,-1.000,0.248,0.000,96,1644,69
18393.673,-1.000,1.533,0.000,96,2653,43
18403.670,-1.000,6.928,0.000,96,1754,7
18411.676,-1.000,0.252,0.000,96,1644,56
18407.676,-1.000,5.952,0.324,96,10112,99
18428.693,-1.000,4.580,0.000,96,5763,88
18433.667,-1.000,4.597,0.148,96,5763,83
18441.674,-1.000,0.248,0.000,96,1644,71
18446.670,-1.000,1.322,0.000,96,1714,31
18451.681,-1.000,1.531,0.000,96,2655,80
18466.666,-1.000,1.291,0.155,96,10112,24
18474.674,-1.000,1.503,0.000,96,2653,59
18486.672,-1.000,1.529,0.000,96,1596,10
18488.671,-1.000,0.247,0.000,96,2320,41
18492.664,-1.000,0.220,0.000,96,2473,73
18504.686,-1.000,2.186,0.000,96,311,51
18506.682,-1.000,0.302,0.000,96,1938,93
18505.683,-1.000,1.893,0.000,96,1596,28
18521.674,-1.000,0.249,0.000,96,1644,75
18532.683,-1.000,0.220,0.000,96,1644,96
18543.659,-1.000,1.645,0.121,96,5763,21
18541.667,-1.000,12.824,0.000,96,1762,59
18541.667,-1.000,13.657,0.061,96,5763,96
18543.659,-1.000,14.098,0.000,96,1644,83
18546.672,-1.000,11.588,0.000,96,703,93
18563.675,-1.000,1.635,0.000,96,311,58
18561.676,-1.000,6.654,0.119,96,5763,85
18561.676,-1.000,7.058,0.000,96,311,42
18594.654,-1.000,1.420,0.000,96,311,14
18590.654,-1.000,6.816,0.000,96,1754,60
18624.671,-1.000,0.249,0.000,96,1644,23
18633.658,-1.000,0.219,0.000,96,1644,64
18638.657,-1.000,0.219,0.000,96,1644,29
18661.651,-1.000,1.410,0.093,96,6043,1
18696.650,-1.000,0.251,0.000,96,1923,84
18734.664,-1.000,0.219,0.000,96,2473,65
18738.667,-1.000,0.454,0.000,96,1644,5
18737.671,-1.000,1.335,0.169,96,5763,37
18754.670,-1.000,5.646,0.000,96,1762,89
18768.664,-1.000,1.500,0.093,96,6083,86
18805.652,-1.000,1.264,0.175,96,10112,25
18815.649,-1.000,0.251,0.000,96,1644,47
18835.657,-1.000,1.364,0.094,96,6083,68
18836.651,-1.000,5.703,0.000,96,1596,16
18858.658,-1.000,0.250,0.000,96,1644,57
18874.660,-1.000,5.351,0.000,96,1756,27
18886.644,-1.000,2.646,0.000,96,1596,34
18882.658,-1.000,6.865,0.000,96,1778,62
18910.643,-1.000,1.483,0.000,96,2653,10
18909.648,-1.000,2.894,0.000,96,2656,20
18923.639,-1.000,0.311,0.000,96,1644,70
18912.656,-1.000,11.591,0.146,96,5763,100
18912.656,-1.000,11.843,0.000,96,703,66
18912.656,-1.000,12.072,0.000,96,1596,86
18936.644,-1.000,0.248,0.000,96,1938,5
18940.629,-1.000,5.369,0.000,96,1754,60
18947.630,-1.000,1.411,0.118,96,5763,35
18965.652,-1.000,1.382,0.093,96,6083,13
18970.647,-1.000,5.473,0.000,96,1754,100
18985.633,-1.000,0.280,0.000,96,2473,96
18989.650,-1.000,1.596,0.000,96,1596,68
19002.631,-1.000,1.293,0.146,96,10112,3
19007.625,-1.000,0.248,0.000,96,2320,73
19016.639,-1.000,5.621,0.000,96,1762,85
19023.623,-1.000,1.354,0.000,96,1659,33
19035.624,-1.000,1.350,0.118,96,5763,9
19063.638,-1.000,0.249,0.000,96,1644,4
19065.636,-1.000,5.289,0.000,96,1774,81
19074.634,-1.000,0.247,0.000,96,1644,96
19097.645,-1.000,0.280,0.000,96,1644,98
19093.633,-1.000,5.748,0.000,96,1762,17
19111.636,-1.000,1.714,0.000,96,2655,54
19116.642,-1.000,1.534,0.000,96,1596,63
19121.627,-1.000,1.531,0.000,96,2654,8
19124.638,-1.000,5.578,0.000,96,1762,36
19140.622,-1.000,0.257,0.000,96,1644,87
19150.613,-1.000,7.921,0.000,96,1758,67
19143.639,-1.000,15.732,0.147,96,5763,97
19143.639,-1.000,15.955,0.000,96,1596,51
19164.619,-1.000,1.414,0.119,96,5763,57
19168.632,-1.000,0.248,0.000,96,1923,73
19184.632,-1.000,1.324,0.000,96,1714,54
19192.612,-1.000,1.500,0.000,96,2655,81
19194.613,-1.000,0.249,0.000,96,2473,34
19203.629,-1.000,6.306,0.000,96,1768,59
19204.622,-1.000,5.903,0.119,96,5763,48
19213.608,-1.000,1.323,0.000,96,1659,43
19220.625,-1.000,1.942,0.000,96,1714,54
19221.629,-1.000,1.500,0.118,96,5763,49
19228.608,-1.000,0.249,0.000,96,1644,90
19229.624,-1.000,0.218,0.000,96,1644,32
19235.619,-1.000,1.356,0.000,96,311,93
19242.624,-1.000,0.220,0.000,96,1644,57
19243.613,-1.000,1.471,0.000,96,2655,43
19251.606,-1.000,0.947,0.000,96,1644,22
19250.632,-1.000,2.368,0.000,96,2655,61
19251.606,-1.000,1.926,0.000,96,1714,10
19254.625,-1.000,1.378,0.058,96,5763,90
19258.620,-1.000,1.534,0.000,96,1596,53
19270.627,-1.000,1.334,0.150,96,5763,40
19287.623,-1.000,1.267,0.147,96,10112,47
19298.616,-1.000,1.471,0.000,96,2655,10
19303.628,-1.000,0.248,0.000,96,1644,1
19312.622,-1.000,1.295,0.000,96,311,33
19319.615,-1.000,2.297,0.000,96,2655,16
19320.609,-1.000,1.986,0.000,96,1596,13
19339.607,-1.000,1.419,0.053,96,5763,1
19344.626,-1.000,2.259,0.000,96,1596,10
19345.620,-1.000,1.886,0.000,96,2655,15
19349.611,-1.000,1.344,0.120,96,5763,71
19350.606,-1.000,1.712,0.000,96,2655,55
19354.602,-1.000,0.250,0.000,96,2473,14
19362.617,-1.000,1.502,0.000,96,2655,11
19369.612,-1.000,5.210,0.000,96,1754,26
19381.603,-1.000,0.249,0.000,96,1644,85
19386.601,-1.000,1.501,0.000,96,1596,43
19388.601,-1.000,1.261,0.146,96,10112,22
19398.623,-1.000,5.579,0.000,96,1762,58
19412.614,-1.000,5.648,0.000,96,1768,88
19429.605,-1.000,0.250,0.000,96,1644,59
19438.616,-1.000,0.219,0.000,96,1644,73
19468.612,-1.000,0.220,0.000,96,1644,18
19479.593,-1.000,0.219,0.000,96,1938,59
19485.606,-1.000,0.219,0.000,96,1644,41
19504.590,-1.000,1.412,0.118,96,5763,32
19508.601,-1.000,1.321,0.000,96,5763,85
19512.608,-1.000,1.772,0.000,96,703,93
19518.587,-1.000,1.382,0.118,96,5763,84
19531.606,-1.000,0.250,0.000,96,1923,77
19534.585,-1.000,5.546,0.000,96,1762,6
19546.612,-1.000,1.442,0.119,96,5763,79
19556.607,-1.000,0.250,0.000,96,1644,94
19581.582,-1.000,6.208,0.000,96,1760,48
19584.600,-1.000,3.753,0.000,96,1714,61
19598.605,-1.000,0.250,0.000,96,2473,63
19613.607,-1.000,1.322,0.000,96,1659,2
19625.592,-1.000,1.322,0.148,96,5763,75
19646.593,-1.000,1.324,0.118,96,5763,7
19648.585,-1.000,1.321,0.117,96,5763,4
19652.600,-1.000,1.313,0.149,96,5763,57
19653.596,-1.000,1.239,0.000,96,1938,91
19658.576,-1.000,0.250,0.000,96,1644,92
19653.596,-1.000,5.971,0.000,96,1762,78
19668.604,-1.000,1.918,0.000,96,703,5
19671.589,-1.000,5.474,0.000,96,1772,49
19682.593,-1.000,1.381,0.000,96,1714,15
19684.592,-1.000,0.248,0.000,96,2473,54
19693.577,-1.000,0.219,0.000,96,1938,23
19707.579,-1.000,5.296,0.000,96,1754,40
19741.587,-1.000,1.832,0.000,96,703,42
19766.584,-1.000,1.382,0.094,96,6083,24
19773.575,-1.000,1.323,0.147,96,5763,30
19791.573,-1.000,0.251,0.000,96,1644,100
19793.572,-1.000,1.473,0.000,96,1596,53
19801.580,-1.000,0.249,0.000,96,1644,32
19807.590,-1.000,1.003,0.000,96,1923,90
19812.573,-1.000,1.450,0.123,96,6083,3
19807.590,-1.000,6.960,0.000,96,1596,86
19823.566,-1.000,0.279,0.000,96,2473,85
19819.578,-1.000,5.575,0.000,96,1760,35
19856.573,-1.000,1.357,0.000,96,311,51
19879.569,-1.000,5.414,0.000,96,1784,8
19915.571,-1.000,5.541,0.000,96,1762,21
19934.582,-1.000,1.329,0.000,96,311,67
19932.576,-1.000,6.611,0.000,96,1778,36
19948.571,-1.000,5.497,0.000,96,1596,3
19956.560,-1.000,0.250,0.000,96,1938,82
19967.572,-1.000,1.828,0.000,96,703,23
19975.580,-1.000,0.249,0.000,96,1938,18
19984.566,-1.000,1.622,0.000,96,2655,93
19995.556,-1.000,0.250,0.000,96,2473,27
19996.574,-1.000,0.219,0.000,96,2473,59
20013.558,-1.000,0.219,0.000,96,2473,75
20016.563,-1.000,1.529,0.000,96,2655,26
20021.569,-1.000,1.501,0.000,96,2655,28
20024.550,-1.000,0.248,0.000,96,1938,32
20030.552,-1.000,1.507,0.000,96,2655,35
20039.568,-1.000,5.400,0.000,96,1754,79
20049.572,-1.000,5.412,0.000,96,1760,33
20062.562,-1.000,0.250,0.000,96,1644,25
20066.553,-1.000,1.349,0.051,96,5763,79
20077.562,-1.000,0.267,0.000,96,2473,9
20077.562,-1.000,0.342,0.000,96,2473,57
20099.544,-1.000,0.249,0.000,96,1644,23
20102.566,-1.000,2.801,0.000,96,311,68
20103.561,-1.000,2.036,0.000,96,2655,21
20123.543,-1.000,0.516,0.000,96,1644,90
20131.548,-1.000,0.219,0.000,96,1644,27
20140.553,-1.000,5.870,0.000,96,1596,51
20147.548,-1.000,0.248,0.000,96,1644,14
20167.558,-1.000,1.563,0.000,96,2655,40
20175.566,-1.000,1.350,0.000,96,1714,20
20185.563,-1.000,0.249,0.000,96,1644,63
20187.560,-1.000,1.441,0.093,96,6083,99
20189.556,-1.000,0.249,0.000,96,2473,31
20197.565,-1.000,1.354,0.145,96,5763,100
20199.550,-1.000,1.261,0.168,96,10112,25
20203.546,-1.000,0.249,0.000,96,1644,42
20205.544,-1.000,1.499,0.000,96,2656,78
20215.547,-1.000,0.250,0.000,96,1644,71
20222.544,-1.000,0.220,0.000,96,1644,59
20237.555,-1.000,1.354,0.120,96,5763,19
20260.543,-1.000,1.258,0.122,96,10112,73
20264.538,-1.000,1.506,0.000,96,1596,55
20314.543,-1.000,1.264,0.144,96,10112,27
20316.536,-1.000,0.249,0.000,96,1938,83
20324.549,-1.000,5.451,0.000,96,1596,44
20343.553,-1.000,0.250,0.000,96,2473,20
20355.536,-1.000,1.385,0.148,96,5763,41
20368.524,-1.000,0.250,0.000,96,1644,51
20370.552,-1.000,1.480,0.000,96,1596,24
20391.539,-1.000,5.248,0.000,96,1774,40
20396.539,-1.000,1.406,0.175,96,10112,23
20445.521,-1.000,0.250,0.000,96,1644,48
20475.517,-1.000,0.249,0.000,96,1644,33
20478.525,-1.000,1.502,0.000,96,2654,50
20505.540,-1.000,1.295,0.000,96,311,61
20533.515,-1.000,1.441,0.000,96,1714,16
20541.513,-1.000,0.257,0.000,96,1644,97
20541.513,-1.000,5.748,0.000,96,1762,60
20557.536,-1.000,0.250,0.000,96,1644,77
20559.535,-1.000,1.393,0.147,96,5763,63
20602.521,-1.000,5.560,0.000,96,1768,21
20609.533,-1.000,1.357,0.000,96,311,72
20611.535,-1.000,0.255,0.000,96,1644,82
20611.535,-1.000,1.414,0.170,96,10112,96
20615.513,-1.000,1.469,0.000,96,2655,15
20623.516,-1.000,6.068,0.000,96,1754,79
20619.529,-1.000,10.678,0.119,96,5763,94
20626.521,-1.000,4.269,0.127,96,5763,87
20633.516,-1.000,6.437,0.000,96,1768,61
20634.511,-1.000,5.855,0.000,96,311,8
20640.504,-1.000,1.331,0.053,96,5763,21
20643.532,-1.000,0.249,0.000,96,1644,1
20659.510,-1.000,1.478,0.000,96,1596,68
20665.526,-1.000,4.419,0.268,96,10112,92
20675.502,-1.000,0.249,0.000,96,2473,13
20677.530,-1.000,1.349,0.000,96,311,89
20681.528,-1.000,2.103,0.000,96,311,68
20682.520,-1.000,5.799,0.000,96,1596,72
20707.516,-1.000,0.249,0.000,96,2320,20
20712.520,-1.000,0.221,0.000,96,1644,95
20720.526,-1.000,0.219,0.000,96,1644,32
20721.527,-1.000,0.220,0.000,96,1644,38
20731.520,-1.000,5.465,0.000,96,1754,4
20750.511,-1.000,1.540,0.000,96,2652,6
20756.505,-1.000,0.249,0.000,96,2473,43
20764.506,-1.000,1.320,0.000,96,311,16
20770.510,-1.000,0.248,0.000,96,1644,75
20776.523,-1.000,0.219,0.000,96,1644,64
20819.502,-1.000,4.455,0.269,96,10112,69
20834.490,-1.000,1.393,0.093,96,6083,23
20835.515,-1.000,1.578,0.117,96,5763,71
20847.514,-1.000,1.234,0.145,96,10112,32
20851.506,-1.000,1.296,0.000,96,311,61
20863.490,-1.000,5.577,0.000,96,1596,10
20872.514,-1.000,1.559,0.000,96,2655,4
20880.489,-1.000,1.334,0.120,96,5763,58
20897.500,-1.000,1.410,0.051,96,6083,69
20916.484,-1.000,5.415,0.000,96,1756,89
20931.495,-1.000,0.249,0.000,96,1644,43
20935.510,-1.000,0.218,0.000,96,1644,79
