10:48:02 AM      eth0      5.00      5.00      0.42      0.56      0.00      0.00      0.00
10:48:03 AM      eth0     54.00     44.00      4.65     31.72      0.00      0.00      0.00
10:48:04 AM      eth0     99.00     83.00      8.65     76.92      0.00      0.00      0.00
10:48:05 AM      eth0     89.00     66.00      8.23     64.80      0.00      0.00      0.00
10:48:06 AM      eth0    117.00     94.00     10.23     98.28      0.00      0.00      0.00
10:48:07 AM      eth0    178.00    144.00     15.60    151.21      0.00      0.00      0.00
10:48:08 AM      eth0    181.00    142.00     15.72    155.90      0.00      0.00      0.00
10:48:09 AM      eth0    224.00    177.00     20.06    200.74      0.00      0.00      0.00
10:48:10 AM      eth0    217.00    171.00     19.93    190.98      0.00      0.00      0.00
10:48:11 AM      eth0    184.00    146.00     17.17    160.46      0.00      0.00      0.00
10:48:12 AM      eth0    236.00    183.00     21.14    207.49      0.00      0.00      0.00
10:48:13 AM      eth0    247.00    185.00     22.70    203.10      0.00      0.00      0.00
10:48:14 AM      eth0    341.00    267.00     30.81    309.79      0.00      0.00      0.00
10:48:15 AM      eth0    233.00    177.00     21.89    196.85      0.00      0.00      0.00
10:48:16 AM      eth0    260.00    200.00     24.77    220.51      0.00      0.00      0.00
10:48:17 AM      eth0    277.00    219.00     25.47    248.74      0.00      0.00      0.00
10:48:18 AM      eth0    369.00    293.00     34.71    345.67      0.00      0.00      0.00
10:48:19 AM      eth0    313.00    247.00     29.48    269.00      0.00      0.00      0.00
10:48:20 AM      eth0    325.00    246.00     30.81    281.34      0.00      0.00      0.00
10:48:21 AM      eth0    378.00    291.00     36.10    323.32      0.00      0.00      0.00
10:48:22 AM      eth0    358.00    274.00     35.31    314.66      0.00      0.00      0.00
10:48:23 AM      eth0    315.00    250.00     29.64    287.57      0.00      0.00      0.00
