48.160,0.117,0.728,0.000,1,2473,1
378.989,0.111,0.505,0.000,2,2473,2
399.988,-1.000,0.220,0.000,2,1644,2
442.995,0.107,0.474,0.000,3,2473,3
461.971,0.106,0.475,0.000,4,2473,4
574.967,0.109,0.479,0.000,5,2473,5
778.956,0.113,0.537,0.000,6,2473,6
803.953,-1.000,0.223,0.000,6,1644,6
841.960,0.111,0.477,0.000,7,2473,7
876.937,0.105,0.480,0.000,8,2473,8
953.956,0.115,0.480,0.000,9,2473,9
976.938,-1.000,0.221,0.000,9,2320,5
998.936,-1.000,0.220,0.000,9,1644,5
1043.947,-1.000,0.248,0.000,9,2320,1
1106.944,-1.000,0.249,0.000,9,1644,8
1114.924,-1.000,4.993,0.063,9,5763,5
1153.927,-1.000,0.252,0.000,9,1644,1
1200.932,0.109,0.544,0.000,10,2473,10
1226.931,0.106,0.475,0.000,11,2473,11
1281.912,-1.000,0.283,0.000,11,2320,9
1441.908,0.119,0.480,0.000,12,2473,12
1462.913,-1.000,0.218,0.000,12,1938,9
1506.905,0.108,0.476,0.000,13,2473,13
1533.900,0.108,0.475,0.000,14,2473,14
1554.895,0.106,0.446,0.000,15,2473,15
1565.916,0.106,0.476,0.000,16,2473,16
1574.900,-1.000,0.219,0.000,16,1644,11
1608.886,-1.000,5.327,0.000,16,703,9
1638.884,-1.000,0.259,0.000,16,2320,3
1678.884,0.114,0.534,0.000,17,2473,17
1717.897,0.111,0.477,0.000,18,2473,18
1723.898,0.107,0.475,0.000,19,2473,19
1753.881,-1.000,0.249,0.000,19,1938,2
1755.880,-1.000,0.217,0.000,19,1644,2
1763.898,-1.000,4.487,0.335,19,10112,6
1830.891,-1.000,4.387,0.304,19,10112,1
1843.891,-1.000,0.249,0.000,19,1644,6
1847.872,-1.000,1.677,0.000,19,2653,9
2024.856,-1.000,0.284,0.000,19,1644,13
2032.869,-1.000,0.249,0.000,19,1644,4
2125.851,-1.000,1.681,0.097,19,6083,1
2148.855,-1.000,4.746,0.151,19,5763,11
2208.866,-1.000,0.249,0.000,19,1644,15
2231.860,-1.000,0.249,0.000,19,1644,17
2253.855,-1.000,1.851,0.000,19,703,9
2328.846,-1.000,0.249,0.000,19,1938,6
2337.858,-1.000,0.250,0.000,19,1644,7
2339.850,-1.000,0.248,0.000,19,1644,12
2342.835,-1.000,4.666,0.150,19,5763,13
2350.844,-1.000,0.248,0.000,19,1644,18
2354.839,0.116,0.533,0.000,20,2473,20
2371.841,-1.000,0.218,0.000,20,2320,20
2375.830,-1.000,0.219,0.000,20,1923,11
2481.844,-1.000,0.219,0.000,20,1644,6
2624.838,-1.000,0.248,0.000,20,1644,3
2631.832,0.109,0.478,0.000,21,2473,21
2650.815,-1.000,1.627,0.000,21,2655,9
2694.807,-1.000,1.581,0.000,21,1596,1
2722.803,-1.000,0.248,0.000,21,1923,20
2828.802,0.108,0.534,0.000,22,2473,22
2840.799,-1.000,0.248,0.000,22,1644,19
2856.803,-1.000,0.218,0.000,22,1644,11
2863.799,-1.000,1.351,0.000,22,1659,9
2907.799,-1.000,0.249,0.000,22,1644,5
2939.812,-1.000,0.220,0.000,22,2473,20
3018.798,0.112,0.536,0.000,23,2473,23
3104.782,-1.000,4.982,0.120,23,5763,7
3138.786,0.109,0.565,0.000,24,2473,24
3199.797,-1.000,0.249,0.000,24,2473,13
3242.781,-1.000,1.375,0.000,24,311,9
3250.766,-1.000,4.694,0.151,24,5763,4
3266.771,-1.000,1.797,0.000,24,703,9
3344.772,-1.000,4.667,0.120,24,5763,17
3353.782,0.108,0.537,0.000,25,2473,25
3368.769,-1.000,0.218,0.000,25,2473,7
3391.774,0.107,0.475,0.000,26,2473,26
3413.756,0.106,0.475,0.000,27,2473,27
3425.780,-1.000,5.701,0.000,27,1762,4
3439.770,-1.000,0.249,0.000,27,1938,15
3472.753,-1.000,0.220,0.000,27,1938,2
3496.751,0.106,0.505,0.000,28,2473,28
3502.749,-1.000,1.492,0.149,28,5763,11
3530.750,0.108,0.506,0.000,29,2473,29
3558.747,-1.000,0.218,0.000,29,1644,2
3605.747,-1.000,0.219,0.000,29,1644,7
3614.760,-1.000,0.220,0.000,29,1644,10
3683.739,-1.000,4.512,0.330,29,10112,2
3758.753,-1.000,1.493,0.000,29,5763,7
3764.728,-1.000,0.249,0.000,29,2320,22
3822.745,0.110,0.539,0.000,30,2473,30
3916.736,-1.000,0.251,0.000,30,2473,4
3952.735,-1.000,0.251,0.000,30,1644,27
3969.726,-1.000,0.218,0.000,30,2473,11
3998.718,-1.000,1.375,0.154,30,10112,5
4012.727,-1.000,0.279,0.000,30,1644,29
4024.710,-1.000,1.351,0.171,30,10112,6
4040.707,-1.000,0.249,0.000,30,1644,16
4059.730,0.111,0.506,0.000,31,2473,31
4063.712,-1.000,0.249,0.000,31,1644,26
4075.730,-1.000,8.585,0.389,31,10112,3
4107.718,-1.000,4.675,0.361,31,10112,8
4113.725,0.109,0.564,0.000,32,2473,32
4126.719,0.107,0.476,0.000,33,2473,33
4149.704,-1.000,0.248,0.000,33,1644,17
4210.712,-1.000,0.249,0.000,33,1938,16
4214.709,-1.000,0.218,0.000,33,1644,16
4221.704,-1.000,0.218,0.000,33,1644,32
4233.719,-1.000,4.729,0.053,33,5763,32
4269.701,-1.000,4.676,0.120,33,5763,29
4274.690,-1.000,0.247,0.000,33,1644,7
4327.693,-1.000,1.492,0.094,33,6083,3
4399.690,-1.000,4.667,0.120,33,5763,18
4430.690,-1.000,0.248,0.000,33,1644,28
4437.682,-1.000,1.524,0.094,33,6083,8
4450.695,-1.000,2.781,0.000,33,1644,8
4448.695,-1.000,4.660,0.175,33,5763,19
4457.705,-1.000,0.218,0.000,33,1644,4
4476.699,-1.000,0.219,0.000,33,2473,1
4488.678,0.120,0.548,0.000,35,2473,34
4488.678,0.164,0.857,0.000,35,2473,35
4491.694,-1.000,0.219,0.000,35,1644,34
4502.693,-1.000,5.649,0.000,35,1754,32
4534.674,-1.000,0.280,0.000,35,2320,14
4544.696,-1.000,0.249,0.000,35,2320,23
4661.685,-1.000,0.248,0.000,35,1644,22
4695.685,-1.000,4.811,0.145,35,5763,16
4721.658,-1.000,0.249,0.000,35,1938,27
4734.682,-1.000,0.218,0.000,35,1938,22
4748.677,-1.000,0.218,0.000,35,2320,1
4757.678,-1.000,0.218,0.000,35,1644,16
4797.680,0.110,0.534,0.000,36,2473,36
4806.678,-1.000,0.218,0.000,36,1644,35
4858.662,-1.000,0.219,0.000,36,1644,13
4860.658,0.107,0.476,0.000,37,2473,37
4874.655,-1.000,0.217,0.000,37,1644,1
4894.654,-1.000,0.224,0.000,37,1644,21
4894.654,-1.000,0.339,0.000,37,1644,31
4950.657,-1.000,1.442,0.123,37,5763,4
4979.640,0.109,0.506,0.000,38,2473,38
4988.661,-1.000,0.250,0.000,38,1644,24
5013.638,-1.000,0.249,0.000,38,1644,22
5019.644,0.107,0.480,0.000,39,2473,39
5021.659,-1.000,1.744,0.000,39,1644,33
5021.659,-1.000,4.931,0.148,39,5763,12
5058.657,0.106,0.506,0.000,40,2473,40
5060.660,-1.000,0.249,0.000,40,1644,36
5109.644,-1.000,0.338,0.000,40,1644,15
5115.634,-1.000,1.641,0.094,40,6083,5
5128.649,-1.000,0.250,0.000,40,1644,25
5145.630,-1.000,1.468,0.121,40,5763,16
5148.636,0.107,0.563,0.000,41,2473,41
5168.653,-1.000,0.248,0.000,41,1644,39
5236.641,0.109,0.477,0.000,42,2473,42
5259.632,-1.000,1.464,0.123,42,6083,6
5299.621,-1.000,0.249,0.000,42,1644,40
5315.625,-1.000,2.064,0.000,42,1644,32
5313.625,-1.000,4.895,0.053,42,5763,39
5356.638,-1.000,4.675,0.119,42,5763,22
5362.640,-1.000,0.248,0.000,42,2473,12
5383.618,-1.000,4.641,0.119,42,5763,25
5391.609,-1.000,0.248,0.000,42,1644,4
5406.609,-1.000,0.278,0.000,42,1938,34
5401.619,-1.000,5.799,0.000,42,1596,6
5462.618,-1.000,0.248,0.000,42,1644,41
5485.616,-1.000,0.219,0.000,42,2320,42
5504.629,-1.000,0.219,0.000,42,1644,27
5511.628,-1.000,4.753,0.123,42,5763,33
5546.617,-1.000,0.250,0.000,42,2320,38
5550.618,-1.000,0.217,0.000,42,1644,12
5578.615,-1.000,0.219,0.000,42,1938,32
5591.610,-1.000,4.701,0.119,42,5763,21
5598.613,-1.000,0.247,0.000,42,1644,42
5678.599,-1.000,0.249,0.000,42,1644,20
5698.591,-1.000,0.219,0.000,42,1938,17
5719.603,-1.000,0.219,0.000,42,2473,32
5753.601,-1.000,0.220,0.000,42,1644,30
5805.592,-1.000,0.221,0.000,42,1644,29
5808.597,-1.000,4.752,0.119,42,5763,27
5839.592,-1.000,4.389,0.306,42,10112,10
5857.576,-1.000,1.350,0.146,42,10112,13
5871.603,-1.000,0.248,0.000,42,1644,32
5909.592,0.113,0.534,0.000,43,2473,43
5959.571,0.110,0.478,0.000,44,2473,44
5984.595,-1.000,0.221,0.000,44,1644,6
5995.585,-1.000,4.409,0.310,44,10112,41
6059.588,-1.000,1.467,0.054,44,5763,32
6065.586,-1.000,0.249,0.000,44,1644,34
6086.563,-1.000,0.219,0.000,44,1644,43
6087.581,-1.000,10.333,0.000,44,1756,18
6114.560,-1.000,0.278,0.000,44,1644,39
6115.578,-1.000,0.249,0.000,44,1644,37
6120.581,-1.000,0.217,0.000,44,2473,3
6143.578,-1.000,4.502,0.329,44,10112,31
6190.568,-1.000,4.348,0.324,44,10112,20
6203.578,-1.000,4.348,0.299,44,10112,40
6268.573,-1.000,0.249,0.000,44,1644,9
6274.572,-1.000,5.564,0.000,44,1760,32
6316.556,-1.000,0.279,0.000,44,1644,23
6344.565,-1.000,0.218,0.000,44,1938,23
6398.563,-1.000,7.139,0.323,44,10112,34
6397.542,-1.000,9.246,0.118,44,5763,43
6410.543,-1.000,5.685,0.000,44,1772,16
6486.552,-1.000,0.278,0.000,44,1644,38
6493.544,-1.000,1.466,0.149,44,5763,39
6496.540,-1.000,4.678,0.119,44,5763,26
6521.528,-1.000,1.385,0.120,44,5763,1
6517.536,-1.000,5.931,0.119,44,5763,30
6525.531,-1.000,1.342,0.148,45,5763,9
6526.553,0.113,0.639,0.000,45,2473,45
6543.547,-1.000,0.218,0.000,45,1923,39
6545.543,-1.000,1.351,0.000,45,311,18
6554.542,-1.000,0.247,0.000,45,1644,26
6598.543,-1.000,0.249,0.000,45,1938,28
6629.538,-1.000,4.720,0.164,45,5763,15
6639.538,-1.000,0.248,0.000,45,1938,14
6651.518,-1.000,0.259,0.000,45,1938,12
6654.538,-1.000,0.219,0.000,45,1938,38
6667.530,-1.000,5.534,0.000,45,1778,18
6679.525,-1.000,0.248,0.000,45,1644,11
6689.542,-1.000,0.247,0.000,45,1644,10
6688.519,-1.000,1.684,0.094,45,6083,2
6693.527,-1.000,0.251,0.000,45,1644,17
6705.517,-1.000,0.248,0.000,45,1644,45
6726.532,0.116,0.537,0.000,46,2473,46
6732.520,-1.000,0.250,0.000,46,1938,24
6733.539,-1.000,0.220,0.000,46,1644,33
6742.512,-1.000,0.220,0.000,46,1644,21
6747.538,-1.000,0.218,0.000,46,2473,18
6753.523,-1.000,0.218,0.000,46,1644,14
6760.527,-1.000,1.504,0.000,46,5763,10
6771.524,-1.000,0.257,0.000,46,1938,36
6773.529,0.109,0.505,0.000,47,2473,47
6777.529,-1.000,0.219,0.000,47,1938,6
6798.513,-1.000,1.374,0.000,47,5763,11
6805.521,-1.000,5.736,0.000,47,1768,22
6843.510,-1.000,0.249,0.000,47,1644,46
6872.523,-1.000,0.219,0.000,47,1644,47
6882.501,-1.000,1.588,0.096,47,6083,34
6878.527,-1.000,7.010,0.000,47,1760,15
6892.516,-1.000,1.999,0.000,47,703,12
6912.503,0.116,0.537,0.000,47,2473,48
6972.501,-1.000,2.967,0.119,47,5763,26
6972.501,-1.000,6.031,0.118,47,5763,45
7007.492,-1.000,1.736,0.150,47,5763,7
7005.493,-1.000,6.594,0.000,47,703,23
7009.514,-1.000,3.867,0.000,47,311,22
7022.495,-1.000,4.665,0.000,47,5763,47
7033.499,-1.000,5.180,0.365,47,10112,46
7033.499,-1.000,6.133,0.118,47,5763,33
7028.495,-1.000,11.719,0.000,47,1760,27
7077.498,-1.000,0.250,0.000,47,1644,39
7081.516,-1.000,0.228,0.000,47,2473,30
7133.485,-1.000,0.338,0.000,47,2473,16
7149.503,-1.000,5.789,0.000,47,1760,22
7163.494,-1.000,0.250,0.000,47,1644,28
7170.508,-1.000,0.218,0.000,47,1938,14
7172.483,-1.000,1.562,0.094,47,6083,20
7209.494,-1.000,4.711,0.000,47,5763,28
7249.498,-1.000,0.249,0.000,47,1644,44
7250.486,-1.000,1.536,0.000,47,1596,20
7268.500,-1.000,0.249,0.000,47,2473,9
7289.479,-1.000,0.248,0.000,47,1923,26
7315.479,-1.000,0.218,0.000,47,1923,33
7338.476,0.110,0.535,0.000,48,2473,49
7378.465,-1.000,0.218,0.000,48,1644,9
7393.479,-1.000,1.407,0.146,48,5763,8
7415.466,-1.000,0.219,0.000,48,1644,26
7428.486,-1.000,0.220,0.000,48,1644,6
7432.473,-1.000,5.410,0.000,48,1762,11
7449.469,-1.000,0.251,0.000,48,1644,41
7453.480,-1.000,0.218,0.000,48,2473,19
7475.486,-1.000,0.218,0.000,48,1923,25
7528.474,-1.000,0.221,0.000,48,1938,42
7551.464,-1.000,5.534,0.000,48,1754,7
7596.464,-1.000,0.248,0.000,48,2473,27
7645.452,-1.000,0.218,0.000,48,1644,42
7658.474,0.110,0.564,0.000,49,2473,50
7676.460,-1.000,0.220,0.000,49,1938,9
7698.458,-1.000,0.218,0.000,49,1644,9
7710.465,-1.000,0.219,0.000,49,1644,50
7718.467,-1.000,0.219,0.000,49,2473,22
7734.465,-1.000,1.384,0.158,49,10112,39
7777.439,-1.000,0.249,0.000,49,1644,27
7789.449,-1.000,0.219,0.000,49,1938,50
7807.458,-1.000,4.694,0.121,49,5763,35
7824.461,-1.000,1.410,0.053,49,6083,39
7832.453,-1.000,1.280,0.146,50,10112,27
7833.446,0.113,0.704,0.000,50,2473,51
7856.451,-1.000,1.441,0.120,50,5763,29
7872.450,-1.000,0.250,0.000,50,1644,48
7886.444,-1.000,0.219,0.000,50,1923,35
7891.439,-1.000,0.228,0.000,50,1644,15
7893.443,-1.000,1.470,0.094,50,6083,31
7903.449,-1.000,0.249,0.000,50,1923,28
7913.436,-1.000,1.543,0.000,50,2655,32
7921.428,-1.000,0.228,0.000,50,1644,51
7934.450,-1.000,0.220,0.000,50,1644,24
7940.436,-1.000,5.322,0.000,50,1754,32
7949.432,-1.000,0.249,0.000,50,1644,49
7959.423,-1.000,5.535,0.000,50,1596,5
7975.429,-1.000,4.440,0.301,50,10112,44
7998.427,-1.000,0.278,0.000,50,1644,16
7994.438,-1.000,5.815,0.000,50,1768,29
8012.428,0.111,0.565,0.000,51,2473,52
8027.447,-1.000,0.248,0.000,51,1938,51
8034.429,-1.000,0.247,0.000,51,1644,51
8033.434,-1.000,5.624,0.000,51,1596,34
8040.430,-1.000,0.247,0.000,51,1644,23
8039.441,-1.000,1.530,0.118,51,5763,6
8053.438,-1.000,1.330,0.000,51,5763,16
8054.432,-1.000,1.685,0.000,51,1596,34
8061.431,-1.000,1.504,0.094,51,6083,40
8089.431,-1.000,1.436,0.052,51,6083,44
8117.425,-1.000,0.338,0.000,51,1644,30
8163.409,-1.000,0.260,0.000,51,1938,15
8215.421,-1.000,0.221,0.000,51,1644,50
8216.413,-1.000,0.219,0.000,51,1644,18
8218.416,0.108,0.533,0.000,52,2473,53
8276.401,-1.000,0.220,0.000,52,2473,33
8295.425,-1.000,1.524,0.000,52,5763,18
8310.403,-1.000,4.653,0.147,52,5763,51
8325.422,-1.000,1.590,0.000,52,1596,44
8329.408,-1.000,5.171,0.000,52,703,38
8346.397,-1.000,0.252,0.000,52,2473,29
8350.399,-1.000,1.491,0.095,52,6083,46
8359.411,-1.000,0.248,0.000,52,1644,15
8392.393,-1.000,0.219,0.000,52,1938,4
8409.411,-1.000,0.427,0.000,52,1644,6
8408.416,-1.000,1.657,0.000,52,1596,44
8412.419,-1.000,1.437,0.000,52,1596,46
8471.389,-1.000,0.269,0.000,52,2473,16
8524.383,-1.000,1.409,0.149,52,5763,17
8565.407,-1.000,1.347,0.124,52,6083,27
8577.394,-1.000,0.255,0.000,52,1644,1
8577.394,-1.000,0.342,0.000,52,2473,25
8580.395,-1.000,0.219,0.000,52,1938,24
8600.395,-1.000,0.218,0.000,52,1644,25
8607.386,-1.000,4.645,0.150,52,5763,50
8623.388,-1.000,1.554,0.000,52,2654,7
8635.396,-1.000,0.250,0.000,52,1644,35
8644.381,-1.000,1.878,0.000,52,703,4
8661.378,-1.000,0.259,0.000,52,1644,53
8690.388,-1.000,0.220,0.000,52,1644,43
8726.396,-1.000,5.250,0.000,52,703,36
8749.368,-1.000,0.250,0.000,52,2473,32
8754.381,-1.000,1.348,0.153,52,10112,43
8817.383,-1.000,1.265,0.173,52,10112,9
8820.386,0.114,0.562,0.000,53,2473,54
8844.373,-1.000,1.348,0.000,53,311,44
8859.385,-1.000,1.380,0.095,53,6083,13
8875.372,-1.000,0.249,0.000,53,1644,19
8909.378,-1.000,0.279,0.000,53,1644,8
8904.376,-1.000,5.756,0.000,53,1760,51
8913.363,-1.000,0.248,0.000,53,1644,32
8973.354,-1.000,1.387,0.000,53,311,46
8994.360,-1.000,0.248,0.000,53,1938,19
9019.359,-1.000,0.249,0.000,53,1644,40
9023.354,-1.000,1.711,0.000,53,2655,36
9030.352,-1.000,1.266,0.152,53,10112,15
9050.353,-1.000,1.332,0.000,53,5763,51
9054.365,-1.000,5.345,0.000,53,1754,18
9062.357,-1.000,0.249,0.000,53,2473,5
9104.360,0.142,0.566,0.000,54,2473,55
9119.346,-1.000,1.140,0.000,54,1644,17
9116.364,-1.000,4.955,0.127,54,5763,37
9121.375,-1.000,0.216,0.000,54,1644,3
9140.348,-1.000,1.387,0.121,54,5763,26
9149.344,-1.000,0.222,0.000,55,2473,45
9149.344,0.114,0.528,0.000,55,2473,56
9159.337,-1.000,1.376,0.000,55,5763,40
9166.353,-1.000,1.526,0.000,55,2655,34
9173.348,-1.000,0.219,0.000,55,1644,37
9175.338,-1.000,1.406,0.148,55,5763,21
9184.354,-1.000,0.249,0.000,55,1644,50
9210.351,-1.000,1.531,0.000,55,2656,11
9259.334,-1.000,1.380,0.094,55,6043,43
9276.353,-1.000,1.325,0.119,55,5763,8
9309.351,-1.000,1.587,0.000,55,1596,31
9321.334,-1.000,1.473,0.149,55,5763,23
9327.336,-1.000,1.405,0.145,55,5763,25
9336.330,-1.000,0.248,0.000,55,1644,22
9344.348,-1.000,0.249,0.000,55,2473,10
9380.330,0.109,0.535,0.000,56,2473,57
9423.322,-1.000,1.356,0.203,56,10112,30
9434.343,-1.000,1.558,0.000,56,1596,39
9457.339,-1.000,0.218,0.000,56,2320,10
9461.324,-1.000,1.353,0.124,56,6083,15
9474.322,-1.000,0.249,0.000,56,1644,26
9486.330,0.108,0.503,0.000,57,2473,58
9487.323,-1.000,1.721,0.000,57,1923,40
9487.323,-1.000,2.104,0.000,57,703,19
9514.326,-1.000,1.437,0.000,57,1596,39
9531.312,-1.000,0.226,0.000,57,1923,8
9551.316,-1.000,0.227,0.000,57,2473,2
9565.324,-1.000,1.265,0.169,57,10112,32
9595.312,-1.000,1.347,0.000,57,5763,26
9599.307,-1.000,0.249,0.000,57,1644,29
9606.314,-1.000,0.219,0.000,57,1644,43
9632.316,-1.000,0.219,0.000,57,1938,29
9638.331,-1.000,0.277,0.000,57,1644,55
9633.330,-1.000,5.692,0.000,57,1596,44
9678.307,-1.000,0.249,0.000,57,1644,30
9720.308,-1.000,0.249,0.000,57,1938,48
9734.308,-1.000,0.219,0.000,57,1644,45
9809.289,-1.000,1.540,0.121,57,5763,50
9814.304,-1.000,0.250,0.000,57,1644,58
9835.303,-1.000,1.385,0.000,57,5763,45
9861.289,0.110,0.543,0.000,57,2473,59
9885.292,-1.000,1.349,0.000,57,311,39
9887.285,-1.000,0.248,0.000,57,1644,13
9896.292,-1.000,1.350,0.094,57,6083,9
9919.284,-1.000,1.527,0.000,57,2655,4
9925.297,0.110,0.507,0.000,58,2473,60
9965.281,-1.000,0.220,0.000,58,1644,16
9972.278,-1.000,1.348,0.149,58,5763,17
9974.295,-1.000,5.272,0.000,58,1754,50
10016.296,-1.000,1.465,0.148,58,5763,8
10027.287,-1.000,5.729,0.000,58,1762,47
10051.283,-1.000,5.445,0.000,58,1754,17
10066.295,-1.000,1.226,0.000,58,311,11
10073.278,-1.000,1.408,0.149,58,5763,37
10080.284,-1.000,1.294,0.000,58,311,18
10105.294,-1.000,0.248,0.000,58,1644,48
10099.282,-1.000,7.067,0.000,58,1784,51
10103.284,-1.000,3.446,0.000,58,703,36
10108.295,-1.000,0.249,0.000,58,1644,14
10109.280,-1.000,5.657,0.000,58,1596,27
10175.291,-1.000,0.249,0.000,58,1644,5
10190.264,-1.000,4.761,0.104,58,5763,53
10196.274,-1.000,1.349,0.053,58,5763,5
10203.277,-1.000,0.250,0.000,58,2320,57
10252.261,-1.000,0.249,0.000,58,2473,20
10289.268,-1.000,1.530,0.000,58,1596,46
10350.269,-1.000,1.364,0.121,58,5763,1
10351.258,-1.000,0.546,0.000,58,1644,40
10376.248,-1.000,5.257,0.000,58,1774,5
10387.268,-1.000,1.561,0.000,58,2655,36
10399.266,-1.000,0.248,0.000,58,1644,57
10403.262,-1.000,1.261,0.153,58,10112,22
10419.248,-1.000,0.248,0.000,58,1644,20
10420.265,-1.000,1.421,0.150,58,5763,41
10428.264,-1.000,0.218,0.000,58,1923,41
10443.266,-1.000,0.249,0.000,58,2473,17
10444.254,0.112,0.533,0.000,59,2473,61
10477.253,0.107,0.477,0.000,60,2473,62
10495.258,-1.000,0.247,0.000,60,1644,10
10494.269,-1.000,1.680,0.000,60,1596,9
10502.245,-1.000,1.463,0.000,60,1596,15
10504.268,0.107,0.506,0.000,61,2473,63
10512.251,-1.000,0.249,0.000,61,1644,25
10542.263,-1.000,1.379,0.124,61,6083,32
10550.257,0.107,0.505,0.000,62,2473,64
10576.251,-1.000,1.257,0.155,62,10112,3
10593.235,-1.000,1.059,0.000,62,1644,23
10590.255,-1.000,4.841,0.119,62,5763,55
10601.261,-1.000,5.538,0.000,62,1760,26
10607.241,-1.000,1.533,0.000,62,1596,39
10612.235,-1.000,0.247,0.000,62,1644,15
10630.248,-1.000,0.224,0.000,63,1938,6
10630.248,0.116,0.528,0.000,63,2473,65
10642.244,-1.000,0.220,0.000,63,1644,38
10646.233,-1.000,4.430,0.276,63,10112,42
10659.252,-1.000,5.535,0.000,63,1754,18
10666.234,-1.000,0.247,0.000,63,1644,6
10691.242,-1.000,0.219,0.000,63,1644,51
10728.226,-1.000,0.250,0.000,63,1644,52
10730.247,-1.000,0.218,0.000,63,1644,63
10738.222,-1.000,0.218,0.000,63,2473,39
10773.246,-1.000,5.438,0.000,63,1756,18
10783.231,-1.000,1.411,0.123,63,6083,22
10801.240,-1.000,1.540,0.000,63,2653,19
10813.218,0.110,0.563,0.000,64,2473,66
10850.225,-1.000,1.353,0.150,64,5763,10
10853.222,-1.000,1.496,0.000,64,2655,44
10891.211,-1.000,5.183,0.000,64,703,24
10904.228,-1.000,0.249,0.000,64,2473,28
10916.213,-1.000,1.356,0.121,64,5763,6
10950.215,-1.000,4.360,0.271,64,10112,49
10974.229,-1.000,0.249,0.000,64,2473,46
10987.206,-1.000,0.574,0.000,64,1938,15
10986.212,-1.000,1.954,0.000,64,703,4
11035.217,-1.000,1.442,0.120,64,5763,25
11065.215,-1.000,0.248,0.000,64,1644,17
11077.198,-1.000,0.221,0.000,64,2473,41
11082.200,-1.000,0.636,0.000,64,1923,10
11083.221,-1.000,7.802,0.000,64,1754,21
11081.199,-1.000,5.419,4.669,64,10112,58
11104.211,-1.000,1.434,0.000,64,311,18
11109.221,-1.000,1.613,0.000,64,2655,24
11126.207,-1.000,0.247,0.000,64,1644,25
11171.219,-1.000,1.266,0.148,64,10112,40
11185.205,-1.000,0.250,0.000,64,1644,2
11204.217,-1.000,1.316,0.000,64,311,4
11206.204,-1.000,1.322,0.149,64,5763,20
11225.214,-1.000,0.252,0.000,64,2473,6
11229.206,-1.000,1.326,0.052,64,5763,25
11238.192,-1.000,0.249,0.000,64,1644,56
11276.195,-1.000,1.335,0.119,64,5763,30
11277.192,-1.000,0.507,0.000,64,1644,33
11280.196,-1.000,0.219,0.000,64,1923,53
11293.191,-1.000,0.231,0.000,65,1938,57
11293.191,0.121,0.529,0.000,65,2473,67
11300.200,-1.000,1.602,0.000,65,1596,9
11307.196,-1.000,1.263,0.176,65,10112,51
11313.202,-1.000,1.492,0.000,65,2655,11
11346.194,-1.000,0.251,0.000,65,1644,29
11352.180,-1.000,0.219,0.000,65,1644,53
11375.195,-1.000,2.494,0.000,65,703,19
11376.187,-1.000,2.065,0.050,65,6083,40
11378.186,-1.000,1.301,0.000,65,5763,2
11385.176,0.109,0.532,0.000,66,2473,68
11390.185,-1.000,0.990,0.000,66,2473,10
11387.176,-1.000,4.602,0.329,66,10112,48
11394.185,-1.000,5.464,0.000,66,1754,7
11404.197,-1.000,0.249,0.000,66,1923,30
11412.197,-1.000,1.380,0.000,66,311,47
11415.200,-1.000,4.669,0.155,66,5763,52
11445.178,-1.000,0.250,0.000,66,1644,59
11451.184,-1.000,0.224,0.000,66,1644,40
11451.184,-1.000,4.746,0.053,66,5763,59
11465.185,-1.000,0.248,0.000,66,1644,67
11467.182,-1.000,5.568,0.000,66,1758,50
11478.186,-1.000,0.248,0.000,66,1644,25
11479.172,-1.000,1.381,0.148,66,5763,13
11508.181,-1.000,1.286,0.147,66,10112,23
11514.188,-1.000,0.248,0.000,66,1644,20
11517.165,-1.000,0.219,0.000,66,1644,57
11518.182,-1.000,0.219,0.000,66,1644,61
11544.167,-1.000,1.316,0.053,66,6083,23
11546.179,-1.000,1.257,0.146,66,10112,16
11562.164,-1.000,1.526,0.000,66,2655,50
11573.167,-1.000,1.475,0.094,66,6083,58
11580.185,0.117,1.107,0.000,67,2473,69
11580.185,-1.000,1.943,0.120,67,5763,53
11589.183,0.106,0.505,0.000,68,2473,70
11601.180,-1.000,1.565,0.000,68,2655,31
11608.175,-1.000,4.698,0.120,68,5763,14
11622.164,-1.000,5.481,0.000,68,1754,18
11636.175,-1.000,1.497,0.120,68,5763,35
11662.169,-1.000,0.248,0.000,68,1644,6
11663.157,-1.000,0.219,0.000,68,1938,20
11664.172,-1.000,0.218,0.000,68,2473,19
11689.162,-1.000,1.591,0.000,68,1596,44
11702.181,-1.000,0.249,0.000,68,1644,68
11704.176,-1.000,5.435,0.000,68,1778,37
11719.164,-1.000,0.247,0.000,68,1644,19
11721.160,-1.000,0.250,0.000,68,1644,62
11729.161,-1.000,0.219,0.000,68,1644,48
11730.178,-1.000,4.753,0.000,68,5763,68
11737.163,-1.000,0.250,0.000,68,1644,28
11763.171,-1.000,1.406,0.093,68,6083,3
11765.161,-1.000,1.315,0.000,68,5763,6
11774.147,-1.000,0.249,0.000,68,1644,35
11780.153,-1.000,1.483,0.095,68,6083,49
11813.145,-1.000,1.320,0.149,68,5763,5
11821.159,-1.000,0.250,0.000,68,1644,54
11842.143,-1.000,1.532,0.000,68,2656,27
11847.143,-1.000,1.320,0.000,68,311,26
11860.145,-1.000,1.293,0.000,68,311,18
11882.167,-1.000,0.256,0.000,68,1644,67
11882.167,-1.000,1.687,0.000,68,1596,58
11916.142,-1.000,4.671,0.000,68,5763,62
11930.140,-1.000,1.477,0.000,68,2653,9
11929.149,-1.000,6.816,0.000,68,1596,22
11937.147,-1.000,1.409,0.118,68,5763,40
11949.152,-1.000,0.250,0.000,68,1938,43
11963.150,-1.000,1.527,0.000,68,1596,49
11980.143,-1.000,1.473,0.000,68,1596,27
11987.131,-1.000,1.294,0.147,68,10112,33
12017.147,-1.000,1.437,0.054,68,6083,33
12025.153,-1.000,0.247,0.000,68,2473,27
12062.151,-1.000,0.219,0.000,68,1644,30
12067.148,-1.000,5.700,0.000,68,1756,55
12076.147,-1.000,0.250,0.000,68,1644,21
12093.149,-1.000,1.529,0.000,68,1596,44
12114.129,0.117,0.572,0.000,69,2473,71
12110.130,-1.000,5.959,0.000,69,1774,6
12129.128,-1.000,2.644,0.000,69,1938,25
12125.126,-1.000,6.884,0.000,69,1772,26
12121.144,-1.000,11.041,0.000,69,1756,5
12133.130,-1.000,0.250,0.000,69,2473,32
12161.128,-1.000,0.220,0.000,69,1644,20
12168.131,-1.000,1.347,0.000,69,1659,34
12176.136,-1.000,5.633,0.000,69,1760,52
12186.132,-1.000,0.249,0.000,69,1644,65
12190.132,-1.000,0.247,0.000,69,1644,61
12218.144,-1.000,0.219,0.000,69,1644,8
12236.130,-1.000,1.410,0.000,69,5763,21
12248.139,-1.000,1.408,0.148,69,5763,28
12254.115,-1.000,0.249,0.000,69,2473,22
12279.113,-1.000,4.702,0.000,69,5763,65
12286.137,-1.000,1.564,0.000,69,2653,55
12293.114,-1.000,1.347,0.123,69,6083,16
12298.119,-1.000,1.060,0.000,69,1644,60
12298.119,-1.000,1.683,0.000,69,1596,33
12328.116,-1.000,0.249,0.000,69,1644,39
12355.108,-1.000,1.258,0.163,69,10112,39
12363.132,-1.000,1.525,0.000,69,2655,37
12371.126,0.110,0.574,0.000,70,2473,72
12387.112,-1.000,6.498,0.000,70,1760,11
12389.109,-1.000,5.005,0.000,70,2655,7
12418.129,-1.000,0.249,0.000,70,1923,2
12427.103,-1.000,1.352,0.000,70,5763,8
12429.111,-1.000,0.248,0.000,70,2473,1
12450.119,-1.000,1.890,0.000,70,703,43
12535.092,-1.000,1.288,0.000,70,311,26
12544.119,-1.000,0.219,0.000,70,2473,2
12578.097,-1.000,1.264,0.000,70,311,43
12596.094,-1.000,5.413,0.000,70,1756,37
12606.093,-1.000,0.249,0.000,70,1644,64
12628.091,0.109,0.535,0.000,71,2473,73
12629.088,-1.000,0.249,0.000,71,1644,70
12663.084,-1.000,0.249,0.000,71,1644,32
12690.107,-1.000,1.652,0.000,71,1596,16
12755.098,-1.000,0.248,0.000,71,2473,43
12761.103,-1.000,0.249,0.000,71,1644,72
12792.077,-1.000,4.768,0.119,71,5763,57
12803.082,0.108,0.531,0.000,72,2473,74
12804.074,-1.000,0.250,0.000,72,1938,56
12819.084,-1.000,1.909,0.000,72,703,15
12842.086,-1.000,0.217,0.000,72,1644,74
12866.074,-1.000,2.073,0.000,72,311,37
12867.095,-1.000,1.639,0.148,72,5763,48
12871.086,-1.000,1.266,0.094,72,10112,30
12889.079,-1.000,1.495,0.000,72,1596,9
12898.094,-1.000,1.351,0.119,72,5763,20
12907.076,-1.000,1.258,0.147,72,10112,35
12942.091,-1.000,1.469,0.096,72,6083,42
12946.078,-1.000,2.965,0.000,72,2320,10
12946.078,-1.000,3.410,0.000,72,703,4
12950.074,-1.000,1.875,0.000,72,1644,2
12946.078,-1.000,6.670,0.000,72,5763,72
12973.070,-1.000,0.247,0.000,72,1644,46
12972.082,-1.000,1.412,0.000,72,311,4
12983.082,-1.000,4.604,0.118,72,5763,64
13013.075,-1.000,1.878,0.000,72,703,4
13052.057,-1.000,0.248,0.000,72,1644,22
13064.071,-1.000,1.384,0.053,72,6083,30
13068.082,-1.000,1.533,0.000,72,1596,44
13083.053,0.112,0.563,0.000,73,2473,75
13091.057,-1.000,1.386,0.120,73,5763,19
13096.054,-1.000,1.344,0.000,73,311,5
13105.057,-1.000,0.277,0.000,73,1644,75
13110.060,-1.000,0.220,0.000,73,2473,36
13124.055,-1.000,0.782,0.000,73,1923,65
13123.065,-1.000,4.989,0.119,73,5763,70
13151.069,-1.000,1.386,0.000,73,5763,22
13192.070,-1.000,0.248,0.000,73,1938,2
13195.047,-1.000,0.219,0.000,73,1644,28
13260.058,-1.000,0.219,0.000,73,1644,27
13276.058,-1.000,4.681,0.119,73,5763,61
13331.044,-1.000,1.387,0.148,73,10112,38
13342.062,-1.000,0.548,0.000,73,1644,56
13341.062,-1.000,1.963,0.000,73,703,24
13347.053,-1.000,0.249,0.000,73,1644,49
13350.059,-1.000,1.572,0.000,73,1596,30
13357.037,-1.000,1.495,0.000,73,2655,34
13363.048,-1.000,5.567,0.000,73,1768,50
13375.035,-1.000,1.584,0.000,73,2655,30
13379.053,-1.000,1.291,0.000,73,311,9
13385.049,-1.000,0.249,0.000,73,2473,68
13396.049,-1.000,0.219,0.000,73,1644,38
13399.047,-1.000,0.218,0.000,73,1644,42
13412.048,-1.000,5.583,0.000,73,1756,72
13421.041,-1.000,0.249,0.000,73,1644,71
13498.041,-1.000,5.442,0.000,73,1754,6
13526.040,-1.000,0.249,0.000,73,1644,1
13529.047,-1.000,1.663,0.000,73,1644,2
13529.047,-1.000,4.606,0.325,73,10112,75
13541.036,0.110,0.543,0.000,74,2473,76
13560.019,-1.000,1.413,0.128,74,5763,17
13563.025,-1.000,0.248,0.000,74,1923,14
13572.038,-1.000,0.220,0.000,74,1644,33
13589.028,-1.000,5.353,0.000,74,1774,18
13583.024,-1.000,11.563,0.000,74,1772,37
13584.043,-1.000,15.038,0.000,74,1772,19
13609.016,-1.000,1.432,0.000,74,311,72
13619.019,-1.000,0.248,0.000,74,1644,10
13639.015,-1.000,1.078,0.000,74,1938,71
13636.039,-1.000,4.826,0.118,74,5763,74
13664.012,-1.000,0.762,0.000,74,1644,66
13664.012,-1.000,2.048,0.148,74,5763,42
13668.018,-1.000,0.249,0.000,74,1644,43
13663.021,-1.000,6.283,0.119,74,5763,56
13678.030,-1.000,1.376,0.119,74,5763,27
13693.015,-1.000,0.249,0.000,74,1923,20
13699.021,-1.000,0.225,0.000,74,1644,68
13699.021,-1.000,5.670,0.000,74,1758,26
13706.024,-1.000,5.590,0.000,74,1768,22
13729.032,0.109,0.562,0.000,75,2473,77
13731.029,-1.000,4.720,0.120,75,5763,63
13748.011,-1.000,1.315,0.000,75,1659,5
13785.024,-1.000,0.255,0.000,75,1644,71
13785.024,-1.000,0.342,0.000,75,1644,48
13789.028,-1.000,1.346,0.119,75,5763,29
13792.003,-1.000,0.250,0.000,75,1644,3
13822.011,-1.000,5.347,0.000,75,1754,53
13836.000,-1.000,0.249,0.000,75,1644,50
13851.015,-1.000,0.219,0.000,75,2473,53
13862.017,-1.000,0.219,0.000,75,1644,17
13865.022,-1.000,1.381,0.145,75,5763,33
13883.002,-1.000,1.561,0.000,75,2655,58
13895.013,-1.000,1.470,0.000,75,2655,19
13898.020,-1.000,5.508,0.000,75,1754,59
13924.016,-1.000,1.382,0.000,75,311,52
13948.018,-1.000,0.255,0.000,75,1644,36
13948.018,-1.000,0.371,0.000,75,2473,63
13959.014,-1.000,1.290,0.000,75,311,44
13980.007,-1.000,1.256,0.154,75,10112,3
13982.011,-1.000,1.291,0.000,75,1714,19
13990.010,-1.000,0.248,0.000,75,1644,25
13991.988,-1.000,1.499,0.000,75,1596,9
13997.000,-1.000,1.524,0.000,75,2655,16
14029.983,-1.000,1.435,0.127,75,5763,2
14067.987,-1.000,5.593,0.000,75,1768,2
14076.991,0.113,0.562,0.000,76,2473,78
14077.989,-1.000,0.219,0.000,76,1644,41
14081.997,-1.000,1.554,0.000,76,1596,30
14095.997,-1.000,1.440,0.146,76,5763,68
14097.980,-1.000,6.931,0.149,76,5763,66
14133.005,-1.000,7.944,0.000,76,1758,11
14129.978,-1.000,11.180,0.000,77,1756,13
14141.000,0.049,0.562,0.000,77,2473,79
14161.979,-1.000,0.249,0.000,77,2473,55
14163.984,0.106,2.713,0.000,78,2473,80
14160.979,-1.000,6.058,0.000,78,1756,72
14184.983,-1.000,1.436,0.123,78,6043,35
14226.997,-1.000,1.439,0.093,78,6083,3
14222.975,-1.000,6.706,0.000,78,1756,52
14244.971,-1.000,0.247,0.000,78,1644,80
14255.977,-1.000,1.267,0.156,78,10112,1
14256.967,-1.000,0.545,0.000,78,2473,20
14260.968,-1.000,4.732,0.120,78,5763,67
14296.980,-1.000,0.249,0.000,78,1644,63
14301.984,-1.000,1.270,0.154,78,10112,41
14302.976,-1.000,0.528,0.000,78,1644,75
14308.992,-1.000,1.353,0.094,78,6083,51
14313.969,-1.000,4.615,0.118,78,5763,60
14318.987,-1.000,0.249,0.000,78,2473,42
14336.972,-1.000,1.352,0.177,78,10112,63
14332.974,-1.000,6.055,0.118,78,5763,54
14358.986,-1.000,1.533,0.000,78,1596,51
14380.981,-1.000,6.436,0.149,78,5763,48
14380.981,-1.000,6.662,0.000,78,1596,58
14389.978,-1.000,1.438,0.126,78,5763,36
14391.973,-1.000,5.585,0.000,78,1758,70
14411.967,-1.000,1.583,0.000,78,2653,18
14413.963,-1.000,0.249,0.000,78,1644,47
14419.973,-1.000,5.321,0.000,78,1756,7
14425.973,-1.000,0.248,0.000,78,1644,67
14438.967,-1.000,0.219,0.000,78,2473,29
14449.973,-1.000,0.220,0.000,78,1923,57
14469.963,0.110,0.532,0.000,79,2473,81
14501.949,-1.000,0.220,0.000,79,2473,54
14506.978,-1.000,0.218,0.000,79,1644,29
14518.970,-1.000,0.223,0.000,79,1644,58
14532.957,-1.000,0.219,0.000,79,2473,30
14545.947,-1.000,1.590,0.000,79,1596,23
14569.956,-1.000,1.320,0.000,79,5763,58
14581.970,-1.000,0.248,0.000,79,1644,69
14602.960,-1.000,1.178,0.000,79,311,31
14628.951,-1.000,2.071,0.129,79,10112,17
14628.951,-1.000,2.830,0.000,79,2655,11
14659.958,-1.000,0.251,0.000,79,1644,56
14665.946,-1.000,0.220,0.000,79,1644,61
14666.966,-1.000,1.414,0.118,79,5763,32
14674.937,-1.000,0.250,0.000,79,1644,55
14716.946,-1.000,0.250,0.000,79,1644,78
14728.954,-1.000,5.742,0.000,79,1762,48
14742.958,-1.000,1.377,0.000,79,1714,31
14763.933,0.112,0.564,0.000,80,2473,82
14775.938,-1.000,0.249,0.000,80,1644,33
14850.924,-1.000,1.417,0.094,80,6083,63
14858.927,-1.000,1.346,0.119,80,5763,72
14863.943,-1.000,0.250,0.000,80,1644,79
14877.951,-1.000,1.348,0.146,80,5763,2
14893.949,-1.000,1.497,0.000,80,1596,44
14920.937,-1.000,0.250,0.000,80,1644,62
14923.927,-1.000,0.219,0.000,80,1644,57
14938.941,-1.000,5.430,0.000,80,1754,40
14959.941,-1.000,1.327,0.148,80,10112,55
14972.923,-1.000,1.062,0.000,80,1644,54
14974.936,-1.000,1.177,0.000,80,311,31
14972.923,-1.000,6.737,0.000,80,1762,11
14979.923,-1.000,0.248,0.000,80,1644,82
14980.936,-1.000,0.248,0.000,80,2320,73
15024.922,-1.000,1.614,0.000,80,1596,16
15045.918,-1.000,4.430,0.300,80,10112,71
15058.933,-1.000,1.378,0.052,80,6083,55
15063.926,-1.000,4.640,0.119,80,5763,80
15075.936,-1.000,1.347,0.000,80,311,26
15084.908,-1.000,0.255,0.000,80,1644,81
15084.908,-1.000,1.477,0.119,80,5763,46
15089.935,-1.000,1.532,0.000,80,1596,34
15114.928,-1.000,0.336,0.000,80,2473,72
15115.915,-1.000,5.541,0.000,80,1754,58
15123.913,-1.000,1.435,0.000,80,1714,5
15140.911,-1.000,1.385,0.125,80,6083,39
15181.923,-1.000,0.311,0.000,80,1644,24
15177.914,-1.000,5.918,0.000,80,1762,68
15186.915,-1.000,4.511,0.307,80,10112,78
15209.908,-1.000,6.668,0.000,80,1596,35
15209.908,-1.000,6.874,0.000,80,1596,44
15223.900,-1.000,0.249,0.000,80,1644,42
15224.917,-1.000,1.469,0.148,80,5763,67
15233.898,-1.000,1.501,0.000,80,2655,19
15237.907,-1.000,0.249,0.000,80,2473,21
15253.922,-1.000,1.319,0.000,80,311,58
15258.914,-1.000,5.473,0.000,80,1754,8
15282.901,-1.000,1.380,0.150,80,5763,49
15296.906,0.120,1.080,0.000,81,2473,83
15296.906,-1.000,1.826,0.146,81,10112,57
15299.920,-1.000,0.277,0.000,81,1644,22
15298.926,-1.000,1.626,0.000,81,2655,44
15303.897,-1.000,5.532,0.000,81,1772,68
15302.903,-1.000,10.879,0.000,81,1754,74
15315.906,-1.000,1.354,0.052,81,5763,22
15313.897,-1.000,6.933,0.000,81,1760,60
15324.910,-1.000,5.521,0.000,81,1784,67
15339.894,-1.000,1.553,0.000,81,2655,9
15343.888,-1.000,5.463,0.000,81,1772,18
15349.909,-1.000,1.436,0.122,81,6083,41
15369.915,-1.000,0.248,0.000,81,1938,42
15378.895,-1.000,1.534,0.000,81,2655,40
15384.898,-1.000,0.248,0.000,81,2473,27
15381.911,-1.000,5.474,0.000,81,1756,58
15401.896,-1.000,0.249,0.000,81,1923,64
15425.897,-1.000,0.219,0.000,81,2473,13
15433.901,-1.000,0.220,0.000,81,1644,20
15441.894,-1.000,1.501,0.000,81,2655,58
15451.906,-1.000,0.280,0.000,81,1644,52
15446.888,-1.000,5.777,0.000,80,1754,80
15458.896,-1.000,1.446,0.149,80,5763,61
15500.879,-1.000,1.295,0.000,80,1659,5
15509.893,-1.000,0.248,0.000,80,1644,72
15516.890,-1.000,1.529,0.000,80,2654,59
15521.900,-1.000,1.473,0.000,80,2656,34
15525.892,-1.000,0.249,0.000,80,1644,73
15524.876,-1.000,1.589,0.000,80,2647,5
15529.903,-1.000,1.377,0.093,80,6083,57
15566.899,0.112,0.536,0.000,81,2473,84
15571.873,-1.000,1.379,0.094,81,6083,17
15574.899,-1.000,0.249,0.000,81,1644,53
15577.897,-1.000,0.218,0.000,81,1644,41
15603.872,-1.000,4.422,0.274,81,10112,73
15613.877,0.109,0.533,0.000,82,2473,85
15626.883,-1.000,1.586,0.000,82,1596,55
15634.889,-1.000,0.249,0.000,82,1644,76
15660.868,-1.000,0.249,0.000,82,1644,21
15663.884,-1.000,1.348,0.155,82,10112,53
15672.874,-1.000,1.346,0.118,82,5763,20
15675.869,-1.000,1.346,0.118,82,5763,25
15684.884,-1.000,0.249,0.000,82,1644,74
15699.866,-1.000,6.475,0.000,82,1596,9
15702.881,-1.000,4.140,0.000,82,2654,7
15740.880,-1.000,1.604,0.000,82,1596,3
15745.884,-1.000,1.551,0.000,82,2655,67
15751.880,-1.000,1.322,0.000,82,5763,74
15750.875,-1.000,6.640,0.000,82,1754,60
15767.882,-1.000,1.352,0.149,82,5763,47
15766.862,-1.000,2.823,0.075,82,6083,71
15783.872,-1.000,1.348,0.119,82,5763,33
15791.868,-1.000,0.249,0.000,82,1644,78
15794.875,-1.000,0.248,0.000,82,2320,85
15814.861,-1.000,5.570,0.000,82,1768,7
15820.873,-1.000,1.598,0.000,82,2655,15
15828.879,-1.000,4.667,0.150,82,5763,79
15833.861,-1.000,6.137,0.000,82,1754,47
15836.881,-1.000,7.741,0.000,82,1756,33
15845.864,-1.000,2.891,0.147,82,10112,56
15850.860,-1.000,0.249,0.000,82,1938,85
15845.864,-1.000,6.292,0.151,82,5763,81
15857.873,-1.000,0.249,0.000,82,2473,57
15865.864,-1.000,1.528,0.000,82,2653,4
15869.851,-1.000,1.324,0.147,82,5763,43
15873.870,-1.000,0.220,0.000,82,1644,43
15880.872,-1.000,1.422,0.120,82,5763,62
15901.855,-1.000,5.462,0.000,82,1754,59
15907.875,-1.000,0.250,0.000,82,2473,36
15926.854,-1.000,0.251,0.000,82,1938,82
15930.865,-1.000,0.219,0.000,82,2320,27
15936.845,-1.000,0.248,0.000,82,2473,14
15935.855,-1.000,1.623,0.000,82,5763,78
15946.871,-1.000,5.335,0.000,82,1778,19
15975.869,-1.000,1.523,0.123,82,6083,73
15979.843,-1.000,5.602,0.000,82,1758,66
16014.860,-1.000,0.278,0.000,82,1644,74
16021.854,-1.000,1.406,0.000,82,311,33
16038.851,-1.000,0.249,0.000,82,1644,36
16041.862,0.115,0.535,0.000,83,2473,86
16045.852,-1.000,1.945,0.000,83,703,42
16066.850,-1.000,1.345,0.000,83,5763,74
16101.842,-1.000,0.249,0.000,82,2473,17
16124.836,-1.000,0.338,0.000,82,2473,65
16141.848,-1.000,1.523,0.000,82,311,6
16155.846,-1.000,5.493,0.000,82,1754,18
16188.856,-1.000,0.277,0.000,82,1644,14
16183.838,-1.000,5.590,0.000,82,1756,6
16195.848,-1.000,0.249,0.000,82,1938,28
16197.846,-1.000,5.431,0.000,82,1596,44
16210.832,-1.000,0.248,0.000,82,1644,27
16227.840,-1.000,1.849,0.000,82,703,4
16252.837,-1.000,0.250,0.000,82,1644,84
16258.826,-1.000,1.365,0.126,82,6083,53
16259.823,-1.000,1.584,0.000,82,311,8
16263.847,-1.000,5.204,0.000,82,1754,22
16285.830,0.109,0.561,0.000,83,2473,87
16287.833,-1.000,0.219,0.000,83,1644,25
16293.822,-1.000,1.437,0.118,83,5763,24
16301.844,-1.000,1.528,0.000,83,1596,63
16345.825,-1.000,1.493,0.000,83,2655,4
16359.824,-1.000,2.020,0.171,83,10112,43
16359.824,-1.000,2.567,0.000,83,311,23
16365.827,-1.000,0.249,0.000,83,2473,35
16372.821,-1.000,0.218,0.000,83,1644,35
16373.842,-1.000,1.471,0.000,83,2655,16
16385.840,0.108,0.533,0.000,84,2473,88
16390.823,-1.000,1.353,0.000,84,5763,25
16396.815,-1.000,1.348,0.118,84,5763,38
16419.822,-1.000,0.248,0.000,84,1644,66
16442.815,0.113,0.507,0.000,85,2473,89
16470.809,0.108,0.477,0.000,86,2473,90
16504.829,-1.000,1.390,0.125,86,5763,29
16510.826,-1.000,5.679,0.000,86,1762,78
16526.829,-1.000,1.620,0.000,86,2654,42
16538.819,-1.000,0.254,0.000,86,2473,73
16538.819,-1.000,1.476,0.119,86,5763,36
16563.827,-1.000,1.323,0.000,86,311,70
16570.813,0.108,0.561,0.000,87,2473,91
16594.814,-1.000,0.251,0.000,87,1644,37
16612.811,-1.000,0.219,0.000,87,1644,3
16619.798,-1.000,1.291,0.151,87,10112,10
16621.805,-1.000,1.290,0.000,87,311,47
16623.798,-1.000,1.294,0.000,87,1714,42
16631.802,-1.000,0.252,0.000,87,1644,89
16649.794,-1.000,1.498,0.000,87,2655,59
16652.804,-1.000,0.248,0.000,87,1644,91
16656.821,0.113,0.504,0.000,88,2473,92
16657.821,-1.000,1.353,0.146,88,5763,35
16659.806,-1.000,1.622,0.000,88,1596,34
16668.797,-1.000,1.494,0.000,88,1596,23
16673.795,-1.000,1.497,0.000,88,2655,7
16704.814,-1.000,1.260,0.153,88,10112,72
16718.790,-1.000,0.249,0.000,88,2473,79
16723.813,-1.000,3.129,0.000,88,1644,1
16721.807,-1.000,5.341,0.000,88,1754,2
16729.816,-1.000,0.248,0.000,88,1644,77
16739.808,-1.000,1.411,0.119,88,5763,66
16745.787,-1.000,5.383,0.000,88,1778,29
16754.810,-1.000,1.404,0.053,88,6083,10
16765.795,-1.000,5.512,0.000,88,1756,59
16791.783,-1.000,1.555,0.000,88,2654,18
16795.796,-1.000,0.249,0.000,88,1644,17
16794.803,-1.000,5.612,0.000,88,1756,61
16793.808,-1.000,6.960,0.000,88,2653,59
16814.803,-1.000,0.250,0.000,88,1644,30
16821.798,-1.000,0.220,0.000,88,1644,46
16827.808,-1.000,0.247,0.000,88,1644,87
16836.793,-1.000,1.409,0.119,88,5763,50
16845.787,-1.000,0.636,0.000,88,1644,90
16839.794,-1.000,6.895,0.000,88,1754,67
16842.808,-1.000,6.962,0.052,88,5763,87
16854.808,-1.000,0.247,0.000,88,1644,66
16865.782,-1.000,0.220,0.000,88,1644,9
16867.803,-1.000,1.284,0.148,88,10112,1
16882.783,-1.000,0.249,0.000,88,1644,36
16896.786,-1.000,5.376,0.000,88,1778,5
16905.781,-1.000,0.248,0.000,88,1938,66
16909.778,-1.000,1.374,0.000,88,5763,9
16930.797,-1.000,1.393,0.098,88,6083,56
16935.794,-1.000,0.249,0.000,88,1644,28
16944.778,-1.000,2.699,0.000,88,1596,10
16945.801,-1.000,1.910,0.000,88,2655,34
16952.793,-1.000,1.317,0.000,88,1714,4
16968.786,-1.000,1.351,0.123,88,6083,72
16972.779,-1.000,1.324,0.000,88,5763,36
17015.789,-1.000,1.434,0.119,88,5763,3
17026.784,-1.000,0.249,0.000,88,2473,68
17065.786,-1.000,1.530,0.000,88,1596,39
17067.787,-1.000,5.465,0.000,88,1778,81
17074.763,-1.000,0.248,0.000,88,1938,69
17089.774,-1.000,0.219,0.000,88,2473,18
17095.768,-1.000,1.288,0.000,88,1659,15
17094.778,-1.000,2.541,0.000,88,311,11
17127.783,-1.000,1.376,0.119,88,5763,17
17153.760,-1.000,0.250,0.000,88,2473,40
17149.774,-1.000,4.890,0.119,88,5763,90
17155.779,-1.000,1.353,0.117,88,5763,27
17165.768,-1.000,0.250,0.000,88,1938,37
17178.768,-1.000,1.317,0.147,88,5763,30
17181.765,-1.000,0.218,0.000,88,1644,37
17183.760,-1.000,5.496,0.000,88,1784,70
17189.755,-1.000,0.249,0.000,88,1644,83
17196.782,-1.000,0.220,0.000,88,1923,87
17199.776,-1.000,0.219,0.000,88,2473,19
17230.753,-1.000,1.471,0.149,88,5763,14
17245.769,-1.000,0.217,0.000,88,1644,87
17248.774,-1.000,5.504,0.000,88,1596,55
17255.774,-1.000,0.249,0.000,88,2473,85
17254.751,-1.000,1.507,0.000,88,1714,15
17264.759,-1.000,0.248,0.000,88,1644,68
17268.755,-1.000,0.220,0.000,88,2473,47
17277.770,-1.000,0.249,0.000,88,1938,89
17280.748,-1.000,1.331,0.000,88,1714,58
17289.766,-1.000,0.225,0.000,88,1644,25
17289.766,-1.000,0.341,0.000,88,2473,29
17290.754,-1.000,0.219,0.000,88,1644,38
17303.772,-1.000,1.317,0.266,88,10112,75
17321.760,-1.000,2.548,0.000,88,2653,44
17317.745,-1.000,6.650,0.000,88,703,82
17339.770,-1.000,0.248,0.000,88,1923,30
17349.771,-1.000,0.219,0.000,88,1644,13
17353.766,-1.000,0.218,0.000,88,1644,17
17355.762,-1.000,0.218,0.000,88,1644,19
17357.751,-1.000,1.526,0.000,88,2655,42
17360.757,-1.000,1.513,0.000,88,2653,51
17376.744,0.116,0.569,0.000,89,2473,93
17375.752,-1.000,6.042,0.000,89,1756,20
17385.750,-1.000,1.415,0.145,89,5763,41
17411.738,-1.000,4.444,0.000,89,2320,73
17412.766,-1.000,4.913,0.000,89,2655,4
17410.766,-1.000,7.117,0.000,89,1596,63
17433.752,-1.000,1.499,0.000,89,2654,63
17441.759,-1.000,0.223,0.000,89,2473,64
17468.750,-1.000,1.286,0.150,89,10112,68
17485.749,0.108,0.563,0.000,90,2473,94
17481.744,-1.000,5.149,0.148,90,5763,77
17488.749,-1.000,0.249,0.000,90,1644,24
17507.731,-1.000,5.593,0.000,90,1760,14
17515.756,-1.000,0.249,0.000,90,1644,40
17533.748,-1.000,1.378,0.000,90,5763,17
17552.745,-1.000,1.465,0.000,90,1714,82
17562.736,-1.000,0.249,0.000,90,1644,65
17570.755,-1.000,1.531,0.000,90,2655,70
17582.745,-1.000,1.529,0.000,90,2655,2
17601.750,-1.000,1.523,0.000,90,2655,10
17606.744,-1.000,0.249,0.000,90,1644,79
17612.731,-1.000,1.359,0.094,90,6083,43
17613.724,-1.000,1.723,0.000,90,1596,10
17622.726,-1.000,4.669,0.148,90,5763,84
17668.725,-1.000,0.278,0.000,90,1644,32
17664.745,-1.000,5.868,0.000,90,1596,34
17688.722,-1.000,1.526,0.000,90,1596,51
17699.744,-1.000,0.248,0.000,90,1644,85
17712.742,0.110,0.535,0.000,91,2473,95
17719.745,-1.000,0.249,0.000,91,1644,86
17723.716,-1.000,1.853,0.000,91,703,42
17726.744,-1.000,6.344,0.000,91,1754,26
17734.723,-1.000,2.742,0.000,91,1644,48
17726.744,-1.000,10.986,0.000,91,1596,72
17740.728,-1.000,1.412,0.146,91,5763,5
17761.730,-1.000,0.249,0.000,91,1644,89
17774.724,-1.000,1.798,0.000,91,703,4
17816.735,-1.000,1.884,0.000,91,703,66
17830.725,-1.000,1.334,0.121,91,5763,46
17837.717,-1.000,5.361,0.000,91,1778,50
17844.736,-1.000,1.587,0.000,91,2655,20
17847.714,-1.000,0.248,0.000,91,1644,93
17862.706,-1.000,0.219,0.000,91,1644,64
17875.721,-1.000,0.219,0.000,91,2473,46
17882.712,-1.000,5.368,0.000,91,1754,11
17892.716,-1.000,0.249,0.000,91,2473,71
17894.713,0.109,0.533,0.000,92,2473,96
17897.722,-1.000,1.472,0.147,92,5763,54
17924.721,-1.000,0.258,0.000,92,2473,90
17924.721,-1.000,1.390,0.150,92,10112,28
17949.717,-1.000,1.347,0.119,92,5763,26
17954.702,-1.000,1.318,0.118,92,5763,38
17976.709,-1.000,1.318,0.000,92,1714,31
17982.720,-1.000,0.248,0.000,92,1938,65
17994.724,-1.000,4.670,0.120,92,5763,89
18003.722,-1.000,3.923,0.000,92,703,65
18010.712,-1.000,0.978,0.000,92,1644,9
18007.720,-1.000,4.562,0.268,92,10112,86
18024.697,-1.000,1.434,0.146,92,5763,87
18037.698,-1.000,1.820,0.000,92,703,82
18065.698,-1.000,2.343,0.000,92,2655,81
18071.698,-1.000,0.280,0.000,92,1644,3
18065.698,-1.000,7.231,0.000,92,1596,43
18076.710,-1.000,1.557,0.000,92,2654,55
18083.705,-1.000,1.471,0.000,92,2655,67
18092.690,-1.000,0.248,0.000,92,1644,75
18124.699,-1.000,1.613,0.000,92,2655,6
18128.714,-1.000,0.249,0.000,92,1644,35
18150.701,-1.000,0.218,0.000,92,1923,73
18155.712,0.111,0.534,0.000,93,2473,97
18161.706,0.115,1.049,0.000,94,2473,98
18161.706,-1.000,1.725,0.000,94,1659,31
18170.686,-1.000,0.248,0.000,94,1644,46
18169.691,-1.000,1.418,0.000,94,1659,8
18172.686,-1.000,0.218,0.000,94,1644,97
18179.699,-1.000,1.503,0.000,94,2655,39
18187.710,-1.000,1.492,0.000,94,2655,65
18196.702,-1.000,0.280,0.000,94,1938,64
18190.711,-1.000,6.478,0.000,94,1596,55
18190.711,-1.000,7.016,0.000,94,1758,59
18197.690,-1.000,0.240,0.000,94,1644,82
18205.697,-1.000,0.249,0.000,94,1644,88
18207.696,-1.000,1.443,0.123,94,6083,28
18227.704,-1.000,1.321,0.000,94,311,66
18249.690,-1.000,1.404,0.000,94,5763,75
18262.701,-1.000,5.381,0.000,94,1762,20
18270.692,0.108,0.563,0.000,95,2473,99
18275.704,-1.000,0.221,0.000,96,2320,71
18275.704,0.113,0.468,0.000,96,2473,100
18280.675,-1.000,0.218,0.000,96,2473,69
18284.699,-1.000,5.538,0.000,96,1756,49
18293.701,-1.000,0.850,0.000,96,2473,41
18293.701,-1.000,1.443,0.155,96,10112,13
18306.679,-1.000,1.348,0.119,96,5763,30
18309.677,-1.000,0.248,0.000,96,1644,100
18310.692,-1.000,1.484,0.000,96,1596,39
18312.680,-1.000,1.171,0.000,96,311,15
18328.678,-1.000,5.490,0.000,96,1756,54
18336.691,-1.000,0.248,0.000,96,1644,49
18340.690,-1.000,0.217,0.000,96,1644,30
18344.683,-1.000,0.219,0.000,96,2320,18
18347.690,-1.000,0.219,0.000,96,1644,99
18367.687,-1.000,0.220,0.000,96,2473,23
18369.687,-1.000,0.220,0.000,96,1938,32
18372.689,-1.000,3.942,0.000,96,2655,78
18370.675,-1.000,6.251,0.119,96,5763,76
18385.682,-1.000,0.248,0.000,96,1644,69
18394.686,-1.000,1.526,0.000,96,2653,43
18401.679,-1.000,5.430,0.000,96,1754,7
18412.667,-1.000,0.281,0.000,96,1644,56
18408.672,-1.000,4.603,0.325,96,10112,99
18428.686,-1.000,4.587,0.149,96,5763,88
18433.677,-1.000,4.613,0.117,96,5763,83
18441.668,-1.000,0.247,0.000,96,1644,71
18447.674,-1.000,1.324,0.000,96,1714,31
18452.685,-1.000,1.526,0.000,96,2655,80
18466.691,-1.000,1.258,0.146,96,10112,24
18475.667,-1.000,1.497,0.000,96,2653,59
18486.669,-1.000,1.531,0.000,96,1596,10
18489.672,-1.000,0.247,0.000,96,2320,41
18490.688,-1.000,0.218,0.000,96,2473,73
18503.686,-1.000,1.318,0.000,96,311,51
18506.688,-1.000,0.255,0.000,96,1938,93
18506.688,-1.000,1.618,0.000,96,1596,28
18522.685,-1.000,0.248,0.000,96,1644,75
18533.669,-1.000,0.249,0.000,96,1644,96
18544.671,-1.000,1.608,0.121,96,5763,21
18542.669,-1.000,12.764,0.000,96,1762,59
18542.669,-1.000,13.628,0.053,96,5763,96
18543.672,-1.000,15.056,0.000,96,1644,83
18546.658,-1.000,12.601,0.000,96,703,93
18562.671,-1.000,2.587,0.000,96,311,58
18561.663,-1.000,6.648,0.118,96,5763,85
18561.663,-1.000,7.082,0.000,96,311,42
18595.661,-1.000,1.411,0.000,96,311,14
18591.663,-1.000,6.805,0.000,96,1754,60
18624.664,-1.000,0.249,0.000,96,1644,23
18633.658,-1.000,0.219,0.000,96,1644,64
18638.673,-1.000,0.220,0.000,96,1644,29
18662.648,-1.000,1.464,0.125,96,6043,1
18696.672,-1.000,0.249,0.000,96,1923,84
18737.653,-1.000,0.248,0.000,96,2473,65
18739.650,-1.000,0.219,0.000,96,1644,5
18742.652,-1.000,1.348,0.145,96,5763,37
18755.658,-1.000,5.735,0.000,96,1762,89
18769.645,-1.000,1.553,0.094,96,6083,86
18806.660,-1.000,1.259,0.154,96,10112,25
18815.660,-1.000,0.251,0.000,96,1644,47
18836.644,-1.000,6.585,0.095,96,6083,68
18836.644,-1.000,6.787,0.000,96,1596,16
18858.656,-1.000,0.251,0.000,96,1644,57
18874.661,-1.000,5.325,0.000,96,1756,27
18882.634,-1.000,6.578,0.000,96,1778,62
18882.634,-1.000,6.724,0.000,96,1596,34
18910.646,-1.000,1.504,0.000,96,2653,10
18909.656,-1.000,2.970,0.000,96,2656,20
18915.644,-1.000,6.462,0.000,96,703,66
18923.653,-1.000,0.249,0.000,96,1644,70
18913.632,-1.000,11.799,0.118,96,5763,100
18913.632,-1.000,11.991,0.000,96,1596,86
18937.628,-1.000,0.249,0.000,96,1938,5
18941.656,-1.000,5.332,0.000,96,1754,60
18948.641,-1.000,1.377,0.148,96,5763,35
18965.638,-1.000,1.344,0.124,96,6083,13
18971.625,-1.000,5.473,0.000,96,1754,100
18986.632,-1.000,0.250,0.000,96,2473,96
18995.637,-1.000,1.523,0.000,96,1596,68
19005.630,-1.000,0.882,0.000,96,2320,73
19005.630,-1.000,1.475,0.178,96,10112,3
19016.643,-1.000,5.713,0.000,96,1762,85
19023.629,-1.000,1.354,0.000,96,1659,33
19035.644,-1.000,1.347,0.119,96,5763,9
19063.620,-1.000,0.248,0.000,96,1644,4
19067.636,-1.000,5.379,0.000,96,1774,81
19075.624,-1.000,0.249,0.000,96,1644,96
19090.623,-1.000,5.390,0.000,96,1762,17
19098.623,-1.000,0.250,0.000,96,1644,98
19111.634,-1.000,1.611,0.000,96,2655,54
19117.621,-1.000,1.655,0.000,96,1596,63
19122.639,-1.000,6.552,0.000,96,1762,36
19122.639,-1.000,7.084,0.000,96,2654,8
19141.634,-1.000,0.256,0.000,96,1644,87
19151.616,-1.000,5.547,0.000,96,1758,67
19143.630,-1.000,13.777,0.149,96,5763,97
19141.634,-1.000,15.999,0.000,96,1596,51
19164.620,-1.000,1.410,0.121,96,5763,57
19166.613,-1.000,0.249,0.000,96,1923,73
19184.637,-1.000,1.338,0.000,96,1714,54
19194.623,-1.000,1.005,0.000,96,2473,34
19194.623,-1.000,1.629,0.000,96,2655,81
19204.632,-1.000,6.297,0.000,96,1768,59
19205.625,-1.000,5.894,0.131,96,5763,48
19214.636,-1.000,1.289,0.000,96,1659,43
19220.614,-1.000,1.304,0.000,96,1714,54
19222.622,-1.000,1.320,0.119,96,5763,49
19225.621,-1.000,0.249,0.000,96,1644,90
19231.608,-1.000,0.220,0.000,96,1644,32
19236.615,-1.000,1.406,0.000,96,311,93
19242.642,-1.000,0.250,0.000,96,1644,57
19244.614,-1.000,1.472,0.000,96,2655,43
19251.618,-1.000,1.561,0.000,96,1644,22
19251.618,-1.000,3.031,0.000,96,2655,61
19251.618,-1.000,3.566,0.000,96,1714,10
19251.618,-1.000,4.155,0.053,96,5763,90
19260.619,-1.000,1.544,0.000,96,1596,53
19271.630,-1.000,1.350,0.120,96,5763,40
19287.617,-1.000,1.261,0.149,96,10112,47
19300.615,-1.000,1.470,0.000,96,2655,10
19304.606,-1.000,0.249,0.000,96,1644,1
19312.614,-1.000,1.291,0.000,96,311,33
19320.615,-1.000,2.288,0.000,96,2655,16
19320.615,-1.000,2.882,0.000,96,1596,13
19340.625,-1.000,1.353,0.054,96,5763,1
19344.598,-1.000,1.471,0.000,96,2655,15
19346.627,-1.000,1.432,0.000,96,1596,10
19349.627,-1.000,2.155,0.000,96,2655,55
19349.627,-1.000,2.749,0.118,96,5763,71
19355.598,-1.000,0.249,0.000,96,2473,14
19362.619,-1.000,1.494,0.000,96,2655,11
19366.603,-1.000,5.206,0.000,96,1754,26
19381.604,-1.000,0.248,0.000,96,1644,85
19387.609,-1.000,1.503,0.000,96,1596,43
19389.611,-1.000,1.255,0.147,96,10112,22
19398.615,-1.000,5.537,0.000,96,1762,58
19412.620,-1.000,5.736,0.000,96,1768,88
19430.597,-1.000,0.249,0.000,96,1644,59
19436.610,-1.000,0.219,0.000,96,1644,73
19469.597,-1.000,0.221,0.000,96,1644,18
19480.605,-1.000,0.220,0.000,96,1938,59
19486.595,-1.000,0.220,0.000,96,1644,41
19506.611,-1.000,1.407,0.119,96,5763,32
19508.597,-1.000,1.345,0.000,96,5763,85
19513.599,-1.000,1.792,0.000,96,703,93
19518.589,-1.000,1.413,0.119,96,5763,84
19531.586,-1.000,0.250,0.000,96,1923,77
19534.613,-1.000,5.583,0.000,96,1762,6
19546.587,-1.000,1.473,0.119,96,5763,79
19556.611,-1.000,0.251,0.000,96,1644,94
19582.595,-1.000,6.204,0.000,96,1760,48
19586.609,-1.000,2.754,0.000,96,1714,61
19599.580,-1.000,0.250,0.000,96,2473,63
19614.599,-1.000,1.288,0.000,96,1659,2
19626.580,-1.000,1.324,0.119,96,5763,75
19643.585,-1.000,1.315,0.149,96,5763,7
19648.583,-1.000,1.315,0.148,96,5763,4
19652.593,-1.000,1.337,0.120,96,5763,57
19653.585,-1.000,1.229,0.000,96,1938,91
19657.600,-1.000,0.249,0.000,96,1644,92
19653.585,-1.000,5.959,0.000,96,1762,78
19669.600,-1.000,2.005,0.000,96,703,5
19672.602,-1.000,5.539,0.000,96,1772,49
19681.574,-1.000,1.374,0.000,96,1714,15
19684.577,-1.000,0.248,0.000,96,2473,54
19693.581,-1.000,0.220,0.000,96,1938,23
19708.598,-1.000,5.297,0.000,96,1754,40
19741.579,-1.000,1.855,0.000,96,703,42
19766.577,-1.000,1.377,0.094,96,6083,24
19772.568,-1.000,1.318,0.146,96,5763,30
19792.585,-1.000,0.249,0.000,96,1644,100
19795.591,-1.000,1.502,0.000,96,1596,53
19803.569,-1.000,0.249,0.000,96,1644,32
19807.584,-1.000,1.030,0.000,96,1923,90
19807.584,-1.000,5.601,0.000,96,1596,86
19815.582,-1.000,1.408,0.093,96,6083,3
19823.569,-1.000,2.346,0.000,96,2473,85
19820.571,-1.000,5.550,0.000,96,1760,35
19855.563,-1.000,1.353,0.000,96,311,51
19886.585,-1.000,5.404,0.000,96,1784,8
19916.568,-1.000,5.580,0.000,96,1762,21
19933.564,-1.000,1.354,0.000,96,311,67
19931.556,-1.000,6.636,0.000,96,1778,36
19956.555,-1.000,0.279,0.000,96,1938,82
19951.560,-1.000,5.689,0.000,96,1596,3
19967.576,-1.000,1.850,0.000,96,703,23
19976.577,-1.000,0.248,0.000,96,1938,18
19985.553,-1.000,1.525,0.000,96,2655,93
19995.569,-1.000,0.249,0.000,96,2473,27
19997.565,-1.000,0.219,0.000,96,2473,59
20014.574,-1.000,0.249,0.000,96,2473,75
20013.555,-1.000,1.772,0.000,96,2655,26
20022.569,-1.000,1.526,0.000,96,2655,28
20026.556,-1.000,0.249,0.000,96,1938,32
20031.568,-1.000,1.525,0.000,96,2655,35
20039.563,-1.000,5.387,0.000,96,1754,79
20049.559,-1.000,5.392,0.000,96,1760,33
20063.568,-1.000,0.250,0.000,96,1644,25
20066.564,-1.000,1.345,0.053,96,5763,79
20077.546,-1.000,0.256,0.000,96,2473,9
20077.546,-1.000,0.373,0.000,96,2473,57
20099.549,-1.000,0.218,0.000,96,1644,23
20104.558,-1.000,1.556,0.000,96,2655,21
20108.546,-1.000,1.321,0.000,96,311,68
20123.568,-1.000,0.279,0.000,96,1644,90
20131.544,-1.000,0.218,0.000,96,1644,27
20139.540,-1.000,5.780,0.000,96,1596,51
20148.568,-1.000,0.249,0.000,96,1644,14
20168.540,-1.000,1.557,0.000,96,2655,40
20175.542,-1.000,1.323,0.000,96,1714,20
20186.565,-1.000,1.003,0.000,96,1644,63
20186.565,-1.000,1.625,0.124,96,6083,99
20190.559,-1.000,0.279,0.000,96,2473,31
20198.561,-1.000,1.346,0.145,96,5763,100
20200.538,-1.000,1.241,0.148,96,10112,25
20203.552,-1.000,0.248,0.000,96,1644,42
20205.550,-1.000,1.501,0.000,96,2656,78
20216.563,-1.000,0.248,0.000,96,1644,71
20223.558,-1.000,0.219,0.000,96,1644,59
20238.543,-1.000,1.348,0.119,96,5763,19
20258.550,-1.000,1.227,0.146,96,10112,73
20264.553,-1.000,1.527,0.000,96,1596,55
20314.556,-1.000,1.257,0.175,96,10112,27
20317.552,-1.000,0.249,0.000,96,1938,83
20324.547,-1.000,5.478,0.000,96,1596,44
20343.551,-1.000,0.248,0.000,96,2473,20
20356.550,-1.000,1.384,0.149,96,5763,41
20367.552,-1.000,0.249,0.000,96,1644,51
20370.547,-1.000,1.475,0.000,96,1596,24
20396.548,-1.000,2.275,0.147,96,10112,23
20392.551,-1.000,6.650,0.000,96,1774,40
20446.531,-1.000,0.250,0.000,96,1644,48
20475.520,-1.000,0.220,0.000,96,1644,33
20478.524,-1.000,1.501,0.000,96,2654,50
20506.527,-1.000,1.321,0.000,96,311,61
20534.533,-1.000,1.323,0.000,96,1714,16
20539.535,-1.000,0.249,0.000,96,1644,97
20542.525,-1.000,5.576,0.000,96,1762,60
20557.519,-1.000,0.250,0.000,96,1644,77
20561.521,-1.000,1.388,0.147,96,5763,63
20602.528,-1.000,5.572,0.000,96,1768,21
20611.525,-1.000,0.257,0.000,96,1644,82
20610.530,-1.000,1.517,0.000,96,311,72
20612.513,-1.000,1.353,0.169,96,10112,96
20614.531,-1.000,1.494,0.000,96,2655,15
20623.514,-1.000,6.094,0.000,96,1754,79
20619.524,-1.000,10.705,0.120,96,5763,94
20627.512,-1.000,3.331,0.118,96,5763,87
20634.519,-1.000,5.602,0.000,96,1768,61
20641.522,-1.000,1.298,0.000,96,311,8
20640.531,-1.000,2.639,0.052,96,5763,21
20644.511,-1.000,0.249,0.000,96,1644,1
20664.525,-1.000,5.278,0.301,96,10112,92
20664.525,-1.000,6.226,0.000,96,1596,68
20676.523,-1.000,0.278,0.000,96,2473,13
20678.524,-1.000,1.386,0.000,96,311,89
20683.526,-1.000,5.591,0.000,96,1596,72
20691.524,-1.000,1.358,0.000,96,311,68
20707.517,-1.000,0.248,0.000,96,2320,20
20713.500,-1.000,0.250,0.000,96,1644,95
20721.522,-1.000,0.228,0.000,96,1644,38
20722.518,-1.000,0.219,0.000,96,1644,32
20731.515,-1.000,5.389,0.000,96,1754,4
20750.509,-1.000,1.537,0.000,96,2652,6
20757.505,-1.000,0.250,0.000,96,2473,43
20765.504,-1.000,1.315,0.000,96,311,16
20771.510,-1.000,0.256,0.000,96,1644,75
20776.514,-1.000,0.219,0.000,96,1644,64
20820.515,-1.000,4.446,0.279,96,10112,69
20835.502,-1.000,1.391,0.095,96,6083,23
20836.494,-1.000,1.614,0.119,96,5763,71
20849.510,-1.000,1.236,0.148,96,10112,32
20851.509,-1.000,1.300,0.000,96,311,61
20864.517,-1.000,5.552,0.000,96,1596,10
20872.499,-1.000,1.554,0.000,96,2655,4
20880.497,-1.000,1.336,0.151,96,5763,58
20898.501,-1.000,1.472,0.053,96,6083,69
20917.501,-1.000,5.424,0.000,96,1756,89
20932.484,-1.000,0.255,0.000,96,1644,43
20935.501,-1.000,0.223,0.000,96,1644,79
