10:48:33 AM      eth0      5.00      5.00      0.42      0.56      0.00      0.00      0.00
10:48:34 AM      eth0    260.00    209.00     22.29    155.42      0.00      0.00      0.00
10:48:35 AM      eth0    335.00    267.00     29.55    255.67      0.00      0.00      0.00
10:48:36 AM      eth0    382.00    300.00     33.74    291.98      0.00      0.00      0.00
10:48:37 AM      eth0    580.00    475.00     51.07    498.68      0.00      0.00      0.00
10:48:38 AM      eth0    593.00    454.00     53.93    458.10      0.00      0.00      0.00
10:48:39 AM      eth0    748.00    602.00     67.51    620.53      0.00      0.00      0.00
10:48:40 AM      eth0    823.00    665.00     72.85    714.58      0.00      0.00      0.00
10:48:41 AM      eth0    988.00    770.00     90.17    814.74      0.00      0.00      0.00
10:48:42 AM      eth0   1168.00    943.00    106.94   1026.45      0.00      0.00      0.00
10:48:43 AM      eth0   1140.00    905.00    105.67    973.05      0.00      0.00      0.00
10:48:44 AM      eth0   1145.00    895.00    107.62    953.51      0.00      0.00      0.00
10:48:45 AM      eth0   1121.00    880.00    105.90    939.70      0.00      0.00      0.00
10:48:46 AM      eth0   1148.00    852.00    110.63    885.96      0.00      0.00      0.00
10:48:47 AM      eth0   1269.00    989.00    118.56   1112.62      0.00      0.00      0.00
10:48:48 AM      eth0   1039.00    784.00    100.62    859.12      0.00      0.00      0.00
10:48:49 AM      eth0   1075.00    800.00    102.35    915.26      0.00      0.00      0.00
10:48:50 AM      eth0   1117.00    851.00    105.24    994.65      0.00      0.00      0.00
10:48:51 AM      eth0   1144.00    841.00    108.55    946.87      0.00      0.00      0.00
10:48:52 AM      eth0   1068.00    758.00    102.22    870.91      0.00      0.00      0.00
10:48:53 AM      eth0   1138.00    841.00    108.09    954.63      0.00      0.00      0.00
10:48:54 AM      eth0   1145.00    826.00    108.90    947.34      0.00      0.00      0.00
10:48:55 AM      eth0   1173.00    852.00    110.84    980.64      0.00      0.00      0.00
10:48:56 AM      eth0   1134.00    825.00    108.64    941.43      0.00      0.00      0.00
10:48:57 AM      eth0   1125.00    775.00    109.84    863.39      0.00      0.00      0.00
10:48:58 AM      eth0   1019.00    729.00     96.26    834.48      0.00      0.00      0.00
10:48:59 AM      eth0    982.00    664.00     94.24    741.56      0.00      0.00      0.00
10:49:00 AM      eth0   1138.00    834.00    106.72    986.15      0.00      0.00      0.00
10:49:01 AM      eth0   1104.00    767.00    107.35    853.82      0.00      0.00      0.00
10:49:02 AM      eth0   1112.00    754.00    108.85    835.19      0.00      0.00      0.00
10:49:03 AM      eth0   1262.00    899.00    120.92   1040.89      0.00      0.00      0.00
10:49:04 AM      eth0   1107.00    780.00    107.04    870.94      0.00      0.00      0.00
10:49:05 AM      eth0   1224.00    894.00    117.00   1006.94      0.00      0.00      0.00
10:49:06 AM      eth0   1138.00    832.00    109.53    943.22      0.00      0.00      0.00
10:49:07 AM      eth0   1115.00    812.00    108.49    927.16      0.00      0.00      0.00
10:49:08 AM      eth0   1158.00    822.00    113.25    918.26      0.00      0.00      0.00
