10:43:18 AM      eth0      5.00      4.00      0.42      0.43      0.00      0.00      0.00
10:43:19 AM      eth0    176.00    141.00     15.08    104.00      0.00      0.00      0.00
10:43:20 AM      eth0    250.00    197.00     22.30    182.14      0.00      0.00      0.00
10:43:21 AM      eth0    289.00    227.00     25.38    226.45      0.00      0.00      0.00
10:43:22 AM      eth0    328.00    273.00     28.75    293.49      0.00      0.00      0.00
10:43:23 AM      eth0    445.00    352.00     39.58    383.94      0.00      0.00      0.00
10:43:24 AM      eth0    506.00    391.00     46.19    404.51      0.00      0.00      0.00
10:43:25 AM      eth0    533.00    420.00     47.60    459.04      0.00      0.00      0.00
10:43:26 AM      eth0    592.00    465.00     53.21    502.75      0.00      0.00      0.00
10:43:27 AM      eth0    730.00    564.00     66.85    627.74      0.00      0.00      0.00
10:43:28 AM      eth0    732.00    570.00     67.26    640.54      0.00      0.00      0.00
10:43:29 AM      eth0    825.00    632.00     75.65    694.30      0.00      0.00      0.00
10:43:30 AM      eth0    954.00    734.00     90.55    801.41      0.00      0.00      0.00
10:43:31 AM      eth0    912.00    702.00     85.55    767.18      0.00      0.00      0.00
10:43:32 AM      eth0   1010.00    808.00     94.33    902.81      0.00      0.00      0.00
10:43:33 AM      eth0   1022.00    801.00     95.12    884.48      0.00      0.00      0.00
10:43:34 AM      eth0   1164.00    902.00    109.86    979.28      0.00      0.00      0.00
10:43:35 AM      eth0   1215.00    940.00    112.38   1023.57      0.00      0.00      0.00
10:43:36 AM      eth0   1384.00   1086.00    128.81   1194.53      0.00      0.00      0.00
10:43:37 AM      eth0   1310.00   1022.00    123.60   1157.55      0.00      0.00      0.00
10:43:38 AM      eth0   1412.00   1113.00    132.85   1233.71      0.00      0.00      0.00
10:43:39 AM      eth0   1316.00    991.00    125.02   1095.06      0.00      0.00      0.00
10:43:40 AM      eth0   1595.00   1216.00    147.72   1371.18      0.00      0.00      0.00
10:43:41 AM      eth0   1852.00   1451.00    173.34   1605.01      0.00      0.00      0.00
10:43:42 AM      eth0   1610.00   1281.00    152.39   1411.34      0.00      0.00      0.00
10:43:43 AM      eth0   1611.00   1251.00    152.43   1355.45      0.00      0.00      0.00
10:43:44 AM      eth0   1735.00   1325.00    164.72   1450.86      0.00      0.00      0.00
10:43:45 AM      eth0   1732.00   1383.00    165.33   1525.47      0.00      0.00      0.00
