10:46:31 AM      eth0      5.00      5.00      0.42      0.56      0.00      0.00      0.00
10:46:32 AM      eth0     83.00     68.00      7.15     52.47      0.00      0.00      0.00
10:46:33 AM      eth0    128.00    102.00     11.32     96.25      0.00      0.00      0.00
10:46:34 AM      eth0    136.00    105.00     12.19     94.00      0.00      0.00      0.00
10:46:35 AM      eth0    213.00    173.00     18.67    182.58      0.00      0.00      0.00
10:46:36 AM      eth0    239.00    198.00     20.67    230.81      0.00      0.00      0.00
10:46:37 AM      eth0    219.00    171.00     19.52    183.90      0.00      0.00      0.00
10:46:38 AM      eth0    280.00    215.00     25.80    229.97      0.00      0.00      0.00
10:46:39 AM      eth0    246.00    186.00     22.72    201.43      0.00      0.00      0.00
10:46:40 AM      eth0    323.00    260.00     28.71    299.47      0.00      0.00      0.00
10:46:41 AM      eth0    248.00    190.00     22.78    205.72      0.00      0.00      0.00
10:46:42 AM      eth0    419.00    328.00     38.78    371.23      0.00      0.00      0.00
10:46:43 AM      eth0    415.00    323.00     37.60    359.43      0.00      0.00      0.00
10:46:44 AM      eth0    342.00    282.00     32.24    338.92      0.00      0.00      0.00
10:46:45 AM      eth0    326.00    246.00     31.79    276.50      0.00      0.00      0.00
10:46:46 AM      eth0    310.00    235.00     28.96    279.68      0.00      0.00      0.00
10:46:47 AM      eth0    334.00    251.00     33.62    283.22      0.00      0.00      0.00
