48.315,0.104,0.713,0.000,1,2473,1
264.000,0.144,0.600,0.000,2,2473,2
284.981,-1.000,0.219,0.000,2,1644,2
304.982,0.108,0.477,0.000,3,2473,3
316.998,0.118,0.453,0.000,4,2473,4
390.972,0.107,0.503,0.000,5,2473,5
523.987,0.107,0.448,0.000,6,2473,6
548.990,-1.000,0.220,0.000,6,1644,6
564.976,0.116,0.451,0.000,7,2473,7
586.979,0.107,0.448,0.000,8,2473,8
637.977,0.106,0.475,0.000,9,2473,9
792.972,-1.000,0.221,0.000,9,2320,5
797.952,0.105,0.476,0.000,10,2473,10
814.970,-1.000,0.222,0.000,11,1644,5
814.970,0.113,0.443,0.000,11,2473,11
816.951,-1.000,0.218,0.000,11,1644,8
930.933,-1.000,5.380,0.058,11,5763,5
954.949,0.107,0.506,0.000,12,2473,12
965.940,-1.000,0.219,0.000,12,2320,9
996.944,0.106,0.450,0.000,13,2473,13
1013.933,0.107,0.446,0.000,14,2473,14
1027.945,0.107,0.447,0.000,15,2473,15
1034.953,0.106,0.446,0.000,16,2473,16
1043.942,-1.000,0.219,0.000,16,2320,1
1108.947,0.106,0.534,0.000,17,2473,17
1133.928,0.111,0.534,0.000,18,2473,18
1137.924,0.107,0.445,0.000,19,2473,19
1146.921,-1.000,0.220,0.000,19,1938,9
1153.943,-1.000,0.219,0.000,19,1644,1
1162.923,-1.000,0.224,0.000,19,1644,11
1292.920,-1.000,5.769,0.000,19,703,9
1500.920,-1.000,0.257,0.000,19,2320,3
1508.894,-1.000,4.816,0.352,19,10112,6
1514.910,-1.000,0.249,0.000,19,1644,13
1531.889,-1.000,1.596,0.000,19,2653,9
1547.894,0.119,0.536,0.000,20,2473,20
1564.890,-1.000,0.219,0.000,20,2320,20
1589.895,-1.000,0.249,0.000,20,1644,6
1638.906,-1.000,0.220,0.000,20,1938,2
1640.909,-1.000,0.226,0.000,20,1644,2
1661.900,-1.000,0.226,0.000,20,1644,17
1681.905,-1.000,0.228,0.000,20,1644,15
1727.883,0.108,0.506,0.000,21,2473,21
1736.903,-1.000,5.169,0.152,21,5763,11
1766.876,-1.000,0.254,0.000,21,1644,18
1830.888,-1.000,8.942,0.340,21,10112,1
1832.873,-1.000,8.036,0.119,21,5763,13
1852.894,-1.000,0.251,0.000,21,1644,12
1855.874,0.111,0.535,0.000,22,2473,22
1887.876,-1.000,0.220,0.000,22,1644,4
1915.881,-1.000,0.219,0.000,22,1923,20
1937.861,-1.000,1.891,0.000,22,703,9
1964.874,-1.000,0.249,0.000,22,1923,11
1979.884,0.106,0.477,0.000,23,2473,23
2057.871,0.136,0.537,0.000,24,2473,24
2060.860,-1.000,0.220,0.000,24,1644,7
2074.866,-1.000,0.219,0.000,24,1938,6
2130.852,-1.000,1.704,0.103,24,6083,1
2132.855,-1.000,0.250,0.000,24,2473,20
2197.844,0.115,0.507,0.000,25,2473,25
2221.840,0.107,0.456,0.000,26,2473,26
2227.868,-1.000,0.219,0.000,26,1644,6
2235.864,0.107,0.446,0.000,27,2473,27
2254.852,-1.000,0.221,0.000,27,1644,19
2289.855,0.106,0.486,0.000,28,2473,28
2312.846,0.114,0.449,0.000,29,2473,29
2334.839,-1.000,1.592,0.000,29,2655,9
2445.839,-1.000,0.257,0.000,29,1644,11
2486.833,-1.000,0.220,0.000,29,1644,3
2501.821,0.113,0.485,0.000,30,2473,30
2547.843,-1.000,1.292,0.000,30,1659,9
2655.811,0.107,0.477,0.000,31,2473,31
2690.811,0.108,0.446,0.000,32,2473,32
2693.805,-1.000,0.219,0.000,32,2473,13
2699.825,0.113,1.163,0.000,33,2473,33
2699.825,-1.000,1.993,0.000,33,1596,1
2723.818,-1.000,0.250,0.000,33,1644,5
2774.827,-1.000,1.814,0.000,33,1644,27
2774.827,-1.000,5.276,0.120,33,5763,17
2791.798,-1.000,0.288,0.000,33,2320,22
2794.826,-1.000,0.219,0.000,33,1644,29
2798.810,-1.000,0.219,0.000,33,1644,32
2810.806,-1.000,5.118,0.053,33,5763,32
2827.818,-1.000,5.026,0.150,33,5763,7
2893.806,-1.000,0.249,0.000,33,1644,26
2912.812,-1.000,0.220,0.000,33,1938,15
2926.790,-1.000,1.325,0.000,33,311,9
2934.791,0.121,0.550,0.000,35,2473,34
2934.791,0.166,0.861,0.000,35,2473,35
2937.804,-1.000,0.218,0.000,35,1644,34
2950.789,-1.000,1.806,0.000,35,703,9
3051.782,-1.000,5.115,0.124,35,5763,29
3080.779,-1.000,5.803,0.000,35,1754,32
3091.795,-1.000,0.262,0.000,35,2473,7
3091.795,-1.000,1.607,0.118,35,5763,11
3105.794,-1.000,5.140,0.120,35,5763,4
3135.782,0.140,0.569,0.000,36,2473,36
3176.783,0.106,0.447,0.000,37,2473,37
3211.790,-1.000,0.258,0.000,37,1644,10
3223.779,-1.000,0.220,0.000,37,1644,28
3252.780,-1.000,0.220,0.000,37,1644,35
3253.773,0.106,0.477,0.000,38,2473,38
3279.772,0.107,0.446,0.000,39,2473,39
3281.782,-1.000,5.766,0.000,39,1762,4
3304.787,0.106,0.534,0.000,40,2473,40
3328.787,-1.000,0.223,0.000,40,1644,7
3357.769,-1.000,0.219,0.000,40,1938,2
3363.781,0.110,0.448,0.000,41,2473,41
3398.763,-1.000,0.221,0.000,41,1644,36
3421.773,0.108,0.457,0.000,42,2473,42
3428.761,-1.000,0.219,0.000,42,1644,39
3443.771,-1.000,0.218,0.000,42,1644,2
3481.762,-1.000,1.476,0.000,42,5763,7
3490.774,-1.000,0.249,0.000,42,1644,31
3505.773,-1.000,0.221,0.000,42,2320,23
3509.770,-1.000,0.220,0.000,42,1644,16
3544.749,-1.000,0.220,0.000,42,1938,27
3545.770,-1.000,0.219,0.000,42,1644,40
3558.756,-1.000,0.219,0.000,42,2473,11
3573.741,-1.000,5.025,0.055,42,5763,39
3568.747,-1.000,4.855,5.264,42,10112,2
3580.757,-1.000,0.250,0.000,42,1644,17
3595.741,-1.000,0.221,0.000,42,1644,33
3670.735,-1.000,0.219,0.000,42,2320,42
3677.745,-1.000,0.221,0.000,42,1644,41
3679.744,-1.000,0.218,0.000,42,1938,16
3683.745,-1.000,0.189,0.000,42,1644,16
3688.737,-1.000,0.219,0.000,42,1644,22
3761.750,-1.000,0.219,0.000,42,1938,22
3770.751,-1.000,1.333,0.171,42,10112,6
3772.751,-1.000,0.248,0.000,42,2473,4
3783.734,-1.000,0.220,0.000,42,1644,42
3814.731,-1.000,1.301,0.151,42,10112,5
3820.734,-1.000,1.119,0.000,42,2320,38
3817.729,-1.000,7.423,0.302,42,10112,8
3815.724,-1.000,10.497,0.119,42,5763,18
3852.745,-1.000,0.250,0.000,42,1938,34
3858.734,0.113,0.535,0.000,43,2473,43
3862.722,-1.000,5.033,0.120,43,5763,19
3890.739,0.107,0.510,0.000,44,2473,44
3893.742,-1.000,0.251,0.000,44,1644,32
3907.734,-1.000,0.220,0.000,44,1644,24
3937.719,-1.000,4.769,0.336,44,10112,3
3972.741,-1.000,0.249,0.000,44,1644,25
3990.728,-1.000,0.251,0.000,44,1644,21
3997.723,-1.000,0.220,0.000,44,1644,7
4014.713,-1.000,0.220,0.000,44,2320,14
4035.726,-1.000,0.219,0.000,44,1644,43
4040.733,-1.000,0.218,0.000,44,1644,22
4084.730,-1.000,5.440,0.157,44,5763,33
4149.729,-1.000,1.625,0.093,44,6083,8
4154.721,-1.000,0.249,0.000,44,1938,32
4162.724,-1.000,0.219,0.000,44,1644,8
4164.725,-1.000,5.072,0.151,44,5763,16
4185.707,-1.000,1.440,0.124,44,6083,3
4210.696,-1.000,4.793,0.301,44,10112,41
4227.722,-1.000,5.198,0.000,44,1644,16
4227.722,-1.000,5.047,0.208,44,5763,25
4259.710,0.112,0.536,0.000,45,2473,45
4295.711,-1.000,0.220,0.000,45,2473,32
4313.711,-1.000,0.220,0.000,45,1644,4
4327.696,-1.000,0.224,0.000,45,1644,27
4346.689,-1.000,5.060,0.120,45,5763,43
4352.697,-1.000,0.250,0.000,45,1644,13
4375.684,-1.000,0.220,0.000,45,1644,39
4383.706,-1.000,5.120,0.149,45,5763,22
4389.705,0.111,0.535,0.000,46,2473,46
4419.707,0.107,0.448,0.000,47,2473,47
4431.703,-1.000,0.221,0.000,47,1644,37
4432.704,-1.000,0.220,0.000,47,1644,30
4438.693,-1.000,0.219,0.000,47,1644,45
4447.682,-1.000,0.220,0.000,47,1644,32
4449.684,-1.000,4.868,0.338,47,10112,40
4482.704,-1.000,0.250,0.000,47,2473,1
4506.682,-1.000,0.219,0.000,47,1644,46
4510.679,0.108,0.507,0.000,48,2473,48
4511.677,-1.000,0.219,0.000,48,1644,34
4518.686,-1.000,0.220,0.000,48,1644,47
4534.688,-1.000,5.042,0.149,48,5763,12
4582.669,-1.000,0.249,0.000,48,1644,15
4588.685,-1.000,0.219,0.000,48,1644,29
4620.680,-1.000,1.448,0.120,48,5763,16
4635.668,-1.000,1.533,0.053,48,5763,32
4631.687,-1.000,6.266,0.149,48,5763,27
4668.691,-1.000,5.026,0.000,48,5763,47
4687.684,-1.000,5.028,0.150,48,5763,21
4696.663,-1.000,4.764,0.329,48,10112,46
4705.680,-1.000,4.992,0.150,48,5763,45
4739.686,-1.000,4.758,0.300,48,10112,31
4754.679,-1.000,0.255,0.000,48,2320,1
4754.679,-1.000,1.506,0.149,48,5763,39
4761.656,-1.000,0.250,0.000,48,1644,38
4786.675,0.115,0.537,0.000,49,2473,49
4804.674,-1.000,0.220,0.000,49,1923,39
4806.681,-1.000,1.382,0.119,49,5763,4
4844.674,-1.000,4.754,0.295,49,10112,34
4850.667,-1.000,5.593,0.000,49,1760,32
4871.654,-1.000,0.251,0.000,49,1644,20
4875.657,-1.000,0.220,0.000,49,2473,12
4880.653,-1.000,0.219,0.000,49,1644,1
4929.659,-1.000,0.219,0.000,49,1938,38
4931.657,-1.000,1.449,0.095,49,6083,5
4995.651,0.111,0.537,0.000,50,2473,50
5005.653,-1.000,1.410,0.123,50,6083,6
5047.652,-1.000,0.219,0.000,50,1644,50
5063.656,-1.000,0.219,0.000,50,1644,12
5108.639,0.137,0.595,0.000,51,2473,51
5109.636,-1.000,0.249,0.000,51,1938,36
5126.634,-1.000,0.279,0.000,51,1938,50
5129.646,-1.000,0.249,0.000,51,1938,17
5147.628,-1.000,5.827,0.000,51,1596,6
5180.635,-1.000,0.250,0.000,51,1644,44
5196.628,-1.000,1.899,0.000,51,1644,51
5196.628,-1.000,5.429,0.150,51,5763,30
5225.638,0.107,0.536,0.000,52,2473,52
5247.626,-1.000,0.261,0.000,52,1644,4
5277.640,-1.000,0.220,0.000,52,1644,23
5303.624,-1.000,0.220,0.000,52,1938,51
5305.628,-1.000,0.189,0.000,52,1938,23
5307.624,-1.000,0.219,0.000,52,1644,33
5310.639,-1.000,0.188,0.000,52,1644,51
5326.616,-1.000,2.982,0.097,52,6083,34
5326.616,-1.000,6.472,0.121,52,5763,26
5338.642,-1.000,0.248,0.000,52,1644,39
5351.624,-1.000,1.329,0.148,52,10112,13
5358.625,0.112,0.506,0.000,53,2473,53
5383.638,-1.000,4.796,0.296,53,10112,20
5386.633,-1.000,2.226,0.000,53,1644,26
5391.623,-1.000,0.220,0.000,53,1938,28
5397.609,-1.000,0.220,0.000,53,1644,49
5436.619,-1.000,4.781,0.301,53,10112,10
5470.623,-1.000,0.250,0.000,53,1644,48
5509.603,-1.000,5.531,0.000,53,1756,18
5552.619,-1.000,0.251,0.000,53,1644,50
5586.595,-1.000,5.173,0.147,53,5763,51
5607.597,-1.000,1.443,0.119,53,5763,33
5651.593,-1.000,0.251,0.000,53,1938,24
5665.593,-1.000,0.220,0.000,53,1644,41
5713.594,-1.000,0.221,0.000,53,1938,42
5730.609,-1.000,0.219,0.000,53,1644,6
5750.594,0.112,0.535,0.000,54,2473,54
5759.607,-1.000,0.220,0.000,54,2473,30
5801.583,-1.000,0.221,0.000,54,1644,53
5806.600,-1.000,1.476,0.120,54,5763,26
5830.586,-1.000,0.219,0.000,54,1644,42
5833.580,-1.000,5.715,0.000,54,1768,22
5839.588,-1.000,0.248,0.000,54,1644,21
5853.578,-1.000,5.552,0.000,54,1760,27
5884.585,-1.000,0.249,0.000,54,1923,33
5885.576,-1.000,5.534,0.000,54,1772,16
5906.582,-1.000,4.874,0.332,54,10112,44
5935.591,0.108,0.537,0.000,55,2473,55
5944.597,-1.000,4.997,0.150,55,5763,50
5952.595,-1.000,0.250,0.000,55,1644,9
5956.591,-1.000,0.218,0.000,55,1644,28
5962.572,-1.000,1.353,0.000,55,311,18
5964.572,0.107,0.508,0.000,56,2473,56
5966.577,-1.000,5.522,0.000,56,703,23
5978.587,-1.000,0.251,0.000,56,2473,3
5995.576,-1.000,1.293,0.156,56,10112,39
6002.591,-1.000,4.966,0.000,56,5763,28
6013.573,-1.000,1.447,0.096,56,6083,46
6021.574,-1.000,1.392,0.054,56,6083,44
6037.569,-1.000,1.352,0.000,56,311,22
6075.566,-1.000,4.310,0.000,56,1596,46
6085.579,-1.000,1.382,0.053,56,6083,39
6084.583,-1.000,6.723,0.000,56,1778,18
6102.565,-1.000,5.168,0.120,56,5763,15
6114.575,0.112,0.537,0.000,57,2473,57
6119.584,-1.000,0.220,0.000,57,1938,14
6121.558,-1.000,0.219,0.000,57,1923,26
6124.572,-1.000,0.220,0.000,57,1644,17
6164.571,-1.000,0.251,0.000,57,1938,12
6165.566,-1.000,0.218,0.000,57,2473,18
6175.581,-1.000,5.645,0.000,57,1760,22
6183.573,0.108,0.536,0.000,58,2473,58
6181.579,-1.000,5.984,0.000,58,1760,51
6209.570,-1.000,1.411,0.150,58,5763,9
6233.577,-1.000,0.249,0.000,58,1644,14
6247.562,-1.000,0.220,0.000,58,1644,26
6253.574,-1.000,5.097,0.119,58,5763,35
6257.555,-1.000,2.570,0.000,58,1596,44
6268.557,-1.000,0.250,0.000,58,1644,11
6287.547,-1.000,0.219,0.000,58,1644,10
6308.561,-1.000,1.448,0.127,58,6083,40
6320.548,-1.000,0.255,0.000,58,1923,25
6328.546,-1.000,1.328,0.000,58,5763,51
6333.545,-1.000,0.221,0.000,58,1923,35
6341.559,-1.000,1.484,0.000,58,1596,44
6352.564,-1.000,5.412,0.000,58,1760,15
6358.566,-1.000,1.443,0.000,58,5763,10
6366.561,-1.000,1.413,0.095,58,6083,20
6387.541,-1.000,1.323,0.000,58,5763,11
6405.562,-1.000,2.040,0.000,58,703,12
6415.553,-1.000,0.250,0.000,57,2473,27
6426.553,0.112,0.534,0.000,58,2473,59
6444.553,-1.000,1.562,0.000,58,1596,20
6468.556,0.107,0.506,0.000,59,2473,60
6469.551,-1.000,0.220,0.000,59,1644,55
6479.538,-1.000,5.390,0.000,59,1596,34
6489.539,-1.000,2.357,0.000,59,2655,32
6490.537,-1.000,1.960,0.126,59,6083,31
6500.541,-1.000,1.441,0.000,59,1596,34
6511.538,-1.000,0.249,0.000,59,1644,58
6517.554,-1.000,5.218,0.000,59,1754,32
6522.551,-1.000,0.365,0.000,59,1644,50
6523.538,-1.000,0.220,0.000,59,1938,6
6527.554,-1.000,1.379,0.118,59,5763,1
6579.545,-1.000,1.420,0.128,59,6083,2
6596.533,-1.000,0.249,0.000,59,1644,27
6608.548,-1.000,0.249,0.000,59,2473,16
6604.528,-1.000,5.731,0.000,59,703,38
6635.524,-1.000,0.251,0.000,59,1644,43
6639.528,-1.000,1.999,0.000,59,311,46
6639.528,-1.000,2.625,0.121,59,5763,29
6650.521,-1.000,0.249,0.000,59,1938,14
6651.541,-1.000,1.272,0.138,59,10112,27
6696.538,-1.000,0.251,0.000,59,1923,28
6699.523,-1.000,1.265,0.147,59,10112,43
6730.540,-1.000,1.352,0.129,59,5763,7
6744.512,-1.000,0.250,0.000,59,2473,22
6778.518,-1.000,5.672,0.000,59,1768,29
6777.521,-1.000,6.965,0.000,59,311,44
6795.513,-1.000,0.280,0.000,59,1644,30
6805.513,0.114,0.535,0.000,60,2473,61
6827.524,0.106,0.448,0.000,61,2473,62
6845.513,-1.000,0.223,0.000,62,2473,33
6845.513,0.114,0.439,0.000,62,2473,63
6853.530,-1.000,0.220,0.000,62,1644,24
6868.515,-1.000,0.221,0.000,62,2473,19
6874.509,0.108,0.475,0.000,63,2473,64
6881.508,-1.000,0.219,0.000,63,2473,45
6926.513,0.106,0.446,0.000,64,2473,65
6937.513,-1.000,0.221,0.000,64,2320,57
6952.513,-1.000,0.219,0.000,64,2473,9
7000.496,-1.000,0.219,0.000,64,1644,23
7021.519,-1.000,5.641,0.000,64,1762,11
7046.508,0.107,0.533,0.000,65,2473,66
7062.517,-1.000,0.249,0.000,65,1644,9
7064.517,-1.000,5.695,0.000,65,703,36
7071.509,-1.000,0.248,0.000,65,1644,63
7082.501,-1.000,0.250,0.000,65,1644,35
7103.495,-1.000,1.470,0.147,65,5763,8
7130.486,-1.000,0.287,0.000,65,2473,29
7133.488,-1.000,0.220,0.000,65,1644,57
7147.483,-1.000,1.503,0.120,65,5763,50
7174.501,-1.000,0.255,0.000,65,1644,6
7204.482,-1.000,1.383,0.126,65,6043,43
7266.476,-1.000,0.250,0.000,65,1644,40
7274.489,-1.000,5.499,0.000,65,1754,7
7312.470,-1.000,5.248,0.000,65,1754,50
7318.474,-1.000,0.254,0.000,65,1938,48
7326.494,-1.000,0.220,0.000,65,2473,32
7330.488,-1.000,5.113,0.152,65,5763,53
7357.482,0.118,0.537,0.000,66,2473,67
7360.481,-1.000,0.219,0.000,66,1938,9
7361.471,-1.000,1.635,0.000,66,2655,36
7363.489,-1.000,0.248,0.000,66,1644,15
7382.488,-1.000,0.287,0.000,66,1644,9
7377.471,-1.000,5.681,0.000,66,1784,51
7384.486,-1.000,1.414,0.093,66,6083,27
7406.472,-1.000,1.354,0.000,66,5763,40
7417.472,0.109,0.533,0.000,67,2473,68
7422.475,-1.000,0.729,0.000,67,2473,25
7421.468,-1.000,5.233,0.149,67,5763,55
7432.482,-1.000,4.963,0.150,67,5763,37
7445.462,-1.000,0.249,0.000,67,1644,25
7466.483,-1.000,0.221,0.000,67,1644,45
7473.460,-1.000,0.221,0.000,67,1644,16
7489.479,-1.000,0.218,0.000,67,1644,37
7490.467,-1.000,0.219,0.000,67,1644,32
7499.481,-1.000,0.219,0.000,67,1938,24
7528.461,-1.000,1.331,0.000,67,5763,16
7529.483,-1.000,0.433,0.000,67,1644,67
7544.469,0.108,0.530,0.000,68,2473,69
7549.463,0.109,0.443,0.000,69,2473,70
7551.466,-1.000,0.220,0.000,69,1644,43
7567.463,-1.000,1.385,0.000,69,5763,45
7571.467,-1.000,5.598,0.000,68,1596,44
7612.462,-1.000,1.686,0.000,68,2655,34
7634.457,-1.000,0.250,0.000,68,1644,18
7635.447,-1.000,0.219,0.000,68,1938,15
7674.471,-1.000,5.686,0.000,68,1762,47
7695.458,-1.000,1.562,0.000,68,1596,39
7703.447,-1.000,0.250,0.000,68,1644,48
7713.442,-1.000,1.351,0.000,68,5763,18
7734.454,-1.000,0.226,0.000,68,1644,68
7734.454,-1.000,0.343,0.000,68,1923,40
7762.462,-1.000,5.008,0.053,68,5763,68
7775.448,-1.000,2.323,0.000,68,1596,39
7775.448,-1.000,8.360,0.000,68,1596,5
7785.451,-1.000,2.415,0.118,68,5763,6
7778.456,-1.000,9.964,0.249,68,10112,58
7831.462,-1.000,0.250,0.000,68,1644,15
7879.451,-1.000,0.221,0.000,68,1644,61
7891.456,0.112,0.543,0.000,69,2473,71
7907.452,-1.000,1.598,0.000,69,1596,31
7941.430,-1.000,0.251,0.000,69,1644,52
7946.445,-1.000,0.225,0.000,69,1644,67
7946.445,-1.000,0.342,0.000,69,2473,16
7955.429,-1.000,1.393,0.150,69,5763,17
7956.453,-1.000,1.760,0.000,69,1596,46
7967.429,-1.000,0.250,0.000,69,1644,51
7972.444,-1.000,1.327,0.149,69,5763,26
8010.422,-1.000,0.279,0.000,69,1644,59
8016.447,-1.000,5.081,0.053,69,5763,59
8027.436,-1.000,0.251,0.000,69,1938,57
8053.422,-1.000,0.221,0.000,69,1644,56
8058.425,0.108,0.532,0.000,70,2473,72
8071.432,-1.000,0.252,0.000,70,1644,62
8101.426,-1.000,1.450,0.153,70,10112,30
8142.416,-1.000,1.413,0.163,70,10112,32
8147.436,-1.000,1.323,0.000,70,311,39
8156.427,-1.000,0.249,0.000,70,1644,6
8172.427,-1.000,1.381,0.147,70,5763,25
8225.415,0.110,0.534,0.000,71,2473,73
8248.426,-1.000,0.249,0.000,71,1938,4
8251.409,-1.000,0.220,0.000,71,1644,57
8270.404,-1.000,1.506,0.103,71,6083,58
8272.420,-1.000,1.364,0.150,71,5763,21
8266.421,-1.000,7.769,0.000,71,5763,62
8281.414,-1.000,1.420,0.120,71,5763,23
8290.428,-1.000,0.250,0.000,71,1644,19
8306.416,-1.000,0.220,0.000,71,1644,26
8339.420,0.114,0.506,0.000,72,2473,74
8346.410,-1.000,1.562,0.000,72,2654,7
8353.424,-1.000,1.355,0.124,72,6083,13
8356.406,-1.000,0.249,0.000,72,1644,30
8362.402,-1.000,0.221,0.000,72,1644,22
8378.403,-1.000,0.221,0.000,72,1644,74
8383.394,-1.000,0.221,0.000,72,1644,29
8389.414,-1.000,1.387,0.119,72,5763,37
8398.414,-1.000,4.807,0.299,72,10112,49
8409.405,-1.000,0.249,0.000,72,1938,19
8416.408,-1.000,0.219,0.000,72,1938,29
8421.414,-1.000,0.221,0.000,72,1923,53
8427.401,-1.000,1.353,0.000,72,5763,26
8441.397,-1.000,1.781,0.000,72,703,36
8448.396,-1.000,0.249,0.000,72,1644,72
8472.396,-1.000,5.363,0.000,72,1754,18
8482.405,-1.000,0.250,0.000,72,1644,65
8493.402,-1.000,0.219,0.000,72,1644,53
8501.412,-1.000,2.540,0.171,72,10112,9
8502.384,-1.000,2.028,0.146,72,10112,15
8500.389,-1.000,4.580,0.000,72,703,4
8521.401,0.113,0.542,0.000,73,2473,75
8543.404,-1.000,0.218,0.000,73,1644,75
8550.400,-1.000,0.219,0.000,73,1644,17
8551.388,-1.000,0.220,0.000,73,1644,61
8579.395,-1.000,1.835,0.000,73,1596,58
8575.405,-1.000,6.635,0.000,73,5763,65
8583.382,-1.000,0.255,0.000,73,1644,1
8583.382,-1.000,1.419,0.147,73,10112,51
8589.399,-1.000,0.249,0.000,73,1644,70
8597.378,-1.000,0.221,0.000,73,1644,40
8619.399,-1.000,0.220,0.000,73,1644,8
8636.382,-1.000,2.712,0.150,73,5763,41
8633.404,-1.000,6.459,0.000,73,5763,72
8628.398,-1.000,12.067,0.119,73,5763,52
8641.375,-1.000,0.249,0.000,73,2473,46
8645.374,-1.000,0.219,0.000,73,1923,41
8721.387,-1.000,1.392,0.150,73,5763,53
8723.393,-1.000,1.471,0.000,73,2655,36
8751.390,-1.000,0.251,0.000,73,1644,54
8791.380,-1.000,1.634,0.000,73,2655,44
8799.391,-1.000,1.530,0.000,73,2656,11
8805.383,-1.000,5.546,0.000,73,1758,50
8819.375,0.109,0.565,0.000,74,2473,76
8831.367,-1.000,4.862,0.332,74,10112,42
8841.366,-1.000,0.251,0.000,74,1644,60
8869.372,-1.000,1.532,0.000,74,1596,39
8881.383,-1.000,0.249,0.000,74,2473,5
8899.367,-1.000,7.050,0.000,74,1756,55
8902.356,-1.000,5.347,0.000,74,703,19
8900.363,-1.000,7.959,0.000,74,2655,50
8917.359,-1.000,0.251,0.000,74,1644,38
8930.366,-1.000,3.578,0.000,74,1644,64
8928.359,-1.000,5.852,0.000,74,1596,27
8934.356,-1.000,1.410,0.093,74,6083,15
8941.365,0.108,0.547,0.000,75,2473,77
8942.374,-1.000,0.219,0.000,75,2473,10
8967.369,-1.000,4.832,0.307,75,10112,75
8979.350,-1.000,0.250,0.000,75,1644,3
8986.369,-1.000,1.743,0.120,75,5763,8
8985.371,-1.000,6.016,0.300,75,10112,48
9000.356,-1.000,0.250,0.000,75,2473,39
9055.349,-1.000,0.220,0.000,75,2320,10
9059.369,-1.000,1.358,0.000,75,311,47
9083.362,-1.000,5.250,0.149,75,5763,70
9099.351,-1.000,5.618,0.000,75,1756,72
9119.357,-1.000,2.443,0.126,75,6083,32
9120.355,-1.000,1.895,0.000,75,2653,55
9167.352,0.142,0.565,0.000,76,2473,78
9172.337,-1.000,5.220,0.119,76,5763,74
9198.337,-1.000,0.280,0.000,76,1644,71
9209.352,0.108,0.504,0.000,77,2473,79
9224.357,0.107,0.445,0.000,78,2473,80
9229.333,-1.000,1.562,0.094,78,6083,49
9241.339,-1.000,0.249,0.000,78,1923,8
9294.329,-1.000,0.220,0.000,78,2473,41
9296.331,-1.000,1.352,0.000,78,311,72
9303.349,-1.000,0.221,0.000,78,1644,80
9310.336,-1.000,5.051,0.151,78,5763,64
9329.327,-1.000,0.251,0.000,78,1644,48
9357.323,-1.000,0.220,0.000,78,1644,25
9381.329,-1.000,0.219,0.000,78,1644,13
9397.342,-1.000,6.370,0.000,78,1760,52
9402.321,-1.000,2.045,0.119,78,5763,17
9412.332,-1.000,1.539,0.000,78,1596,49
9416.334,-1.000,0.250,0.000,78,1938,71
9417.324,-1.000,1.276,0.154,78,10112,40
9418.320,-1.000,0.547,0.000,78,2473,68
9422.343,-1.000,0.229,0.000,79,1923,65
9422.343,0.121,0.526,0.000,79,2473,81
9429.336,-1.000,1.292,0.149,79,10112,22
9433.331,-1.000,5.482,0.000,79,1760,26
9440.327,-1.000,0.249,0.000,79,1644,16
9442.333,-1.000,0.220,0.000,79,2473,2
9446.316,-1.000,0.219,0.000,79,2473,20
9482.327,-1.000,5.460,0.000,79,1754,17
9498.339,-1.000,1.356,0.000,79,311,18
9526.325,-1.000,5.060,0.150,79,5763,57
9553.324,-1.000,0.250,0.000,79,1644,23
9561.328,-1.000,0.218,0.000,79,1644,71
9581.334,-1.000,1.395,0.099,79,6083,9
9588.313,-1.000,0.250,0.000,79,1644,14
9613.306,-1.000,0.220,0.000,79,1644,20
9614.326,0.111,0.505,0.000,80,2473,82
9619.328,-1.000,0.220,0.000,80,1938,56
9622.318,-1.000,1.386,0.054,80,6083,40
9627.319,-1.000,1.506,0.000,80,1596,44
9637.318,-1.000,5.068,0.150,80,5763,61
9655.325,-1.000,1.203,0.000,80,311,11
9696.310,-1.000,0.249,0.000,80,1644,40
9697.299,-1.000,0.220,0.000,80,2473,28
9726.305,-1.000,1.320,0.148,80,5763,8
9732.314,-1.000,0.249,0.000,80,1644,68
9742.315,-1.000,0.219,0.000,80,1644,75
9778.305,-1.000,1.529,0.000,80,2655,4
9807.312,-1.000,0.251,0.000,80,1644,78
9809.313,-1.000,1.337,0.123,80,6083,22
9810.312,-1.000,5.735,0.000,80,703,24
9830.290,-1.000,0.250,0.000,80,1644,82
9846.297,-1.000,0.221,0.000,80,1644,33
9848.299,-1.000,5.444,0.000,80,1756,72
9874.292,-1.000,0.249,0.000,80,2473,17
9880.302,-1.000,1.415,0.119,80,5763,25
9894.293,-1.000,0.250,0.000,80,1938,43
9897.305,-1.000,0.219,0.000,80,1644,66
9932.281,-1.000,0.219,0.000,80,1644,79
9954.288,-1.000,1.351,0.119,80,5763,30
9960.292,0.110,0.535,0.000,81,2473,83
9971.282,-1.000,0.219,0.000,81,1644,25
9975.283,-1.000,1.506,0.000,81,1596,15
9994.287,-1.000,0.280,0.000,81,1644,5
10015.280,-1.000,1.416,0.054,81,5763,5
10020.298,-1.000,5.469,0.000,81,1778,37
10028.290,-1.000,1.619,0.000,81,2655,24
10031.302,-1.000,1.483,0.000,81,1596,44
10037.293,-1.000,0.248,0.000,81,1644,81
10082.296,-1.000,3.130,0.000,81,1923,30
10085.296,-1.000,0.248,0.000,81,1644,15
10077.274,-1.000,8.687,0.000,81,1754,18
10074.274,-1.000,12.554,0.052,81,5763,25
10083.296,-1.000,3.871,0.119,81,5763,35
10072.298,-1.000,15.662,0.118,81,5763,63
10093.272,-1.000,0.280,0.000,81,1644,10
10122.296,-1.000,5.280,0.150,81,5763,80
10130.284,-1.000,0.280,0.000,81,1644,29
10129.288,-1.000,1.570,0.145,81,5763,68
10136.283,0.109,0.534,0.000,82,2473,84
10157.285,-1.000,0.228,0.000,82,1644,56
10166.273,0.110,0.447,0.000,83,2473,85
10182.285,-1.000,4.678,0.124,83,5763,40
10179.277,-1.000,7.858,0.000,83,1596,9
10180.273,-1.000,7.139,0.000,83,1754,21
10195.290,-1.000,10.382,0.000,83,1774,5
10199.273,-1.000,6.816,0.000,83,2655,31
10194.266,-1.000,12.178,0.000,83,1756,18
10219.265,-1.000,1.560,0.000,83,2653,19
10224.276,-1.000,0.250,0.000,83,1644,35
10277.264,-1.000,4.867,0.312,83,10112,78
10300.258,-1.000,0.249,0.000,83,2473,63
10325.279,-1.000,5.052,0.122,83,5763,67
10334.275,-1.000,1.390,0.000,83,1644,25
10331.274,-1.000,5.163,0.119,83,5763,66
10347.254,-1.000,0.250,0.000,83,2320,85
10356.261,-1.000,1.419,0.151,83,5763,1
10352.260,-1.000,6.931,0.000,83,1758,70
10377.277,-1.000,0.250,0.000,83,1938,6
10395.259,-1.000,2.016,0.000,83,703,43
10400.271,-1.000,1.384,0.119,83,5763,20
10403.258,-1.000,0.248,0.000,83,1938,85
10413.258,-1.000,0.219,0.000,83,1644,6
10434.265,-1.000,1.263,0.149,83,10112,3
10444.245,0.114,0.534,0.000,84,2473,86
10448.252,-1.000,1.354,0.119,84,5763,10
10460.261,-1.000,0.249,0.000,84,1938,15
10467.267,-1.000,4.456,0.148,84,10112,23
10467.267,-1.000,4.964,0.120,84,5763,48
10464.267,-1.000,8.191,0.000,84,1754,59
10478.270,-1.000,5.099,0.121,84,5763,56
10491.242,-1.000,0.248,0.000,84,1644,67
10496.253,-1.000,0.219,0.000,84,1644,17
10506.255,-1.000,1.364,0.052,84,6083,23
10506.255,-1.000,6.780,0.000,84,1754,80
10524.256,-1.000,1.382,0.000,84,311,43
10530.239,-1.000,0.249,0.000,84,1644,28
10532.246,-1.000,1.296,0.000,84,311,18
10545.261,-1.000,0.267,0.000,84,1644,69
10545.261,-1.000,1.475,0.119,84,5763,72
10556.262,-1.000,1.264,0.151,84,10112,33
10578.243,-1.000,0.250,0.000,84,2320,73
10580.245,-1.000,1.538,0.000,84,2655,58
10586.238,-1.000,1.322,0.052,84,6083,33
10590.248,-1.000,0.250,0.000,84,1644,39
10602.261,0.110,0.535,0.000,85,2473,87
10614.232,-1.000,1.293,0.000,85,1659,34
10617.243,-1.000,1.204,0.169,85,10112,39
10640.251,-1.000,0.251,0.000,85,1644,46
10649.254,-1.000,0.220,0.000,85,1644,63
10661.240,-1.000,1.509,0.000,85,2656,27
10663.251,-1.000,1.321,0.118,85,5763,6
10668.243,0.107,0.504,0.000,86,2473,88
10679.231,-1.000,2.572,0.000,86,2655,37
10679.231,-1.000,2.787,0.000,86,311,26
10680.236,-1.000,1.923,0.000,86,1923,10
10689.226,-1.000,1.292,0.151,86,10112,63
10701.234,-1.000,0.250,0.000,86,2473,43
10705.246,0.111,0.504,0.000,87,2473,89
10708.253,-1.000,0.248,0.000,87,1644,20
10711.251,-1.000,0.251,0.000,87,2473,32
10707.225,-1.000,5.924,0.000,87,1768,50
10723.228,0.112,0.504,0.000,88,2473,90
10743.227,-1.000,0.220,0.000,88,1644,30
10777.244,-1.000,0.224,0.000,88,1938,82
10788.242,0.113,0.477,0.000,89,2473,91
10793.244,-1.000,1.859,0.000,89,703,19
10796.224,-1.000,0.250,0.000,89,1644,49
10799.221,-1.000,2.068,0.000,89,1596,27
10801.240,-1.000,2.876,0.000,89,2473,72
10798.224,-1.000,6.697,0.120,89,5763,81
10822.224,-1.000,1.636,0.000,89,1644,84
10822.224,-1.000,4.895,0.342,89,10112,71
10844.217,0.108,0.566,0.000,90,2473,92
10840.237,-1.000,7.426,0.000,90,1754,74
10845.217,-1.000,2.592,0.000,90,2473,27
10845.217,-1.000,2.947,0.000,90,703,4
10857.231,-1.000,0.728,0.000,90,1938,20
10856.236,-1.000,5.223,0.149,90,5763,60
10867.224,-1.000,1.559,0.000,90,1596,33
10870.231,-1.000,0.248,0.000,90,1644,91
10883.212,-1.000,0.220,0.000,90,1644,78
10894.228,-1.000,0.221,0.000,90,1644,89
10897.238,-1.000,5.039,0.095,90,5763,79
10902.210,-1.000,1.493,0.000,90,2655,11
10913.217,-1.000,0.258,0.000,90,1644,76
10913.217,-1.000,5.579,0.000,90,1756,37
10958.231,-1.000,8.472,0.000,90,1772,26
10962.221,-1.000,8.857,0.000,90,1754,53
10955.208,-1.000,16.074,0.000,90,1596,22
10972.207,-1.000,0.249,0.000,90,2473,6
10973.226,-1.000,1.383,0.148,90,5763,13
10986.221,-1.000,0.250,0.000,90,1938,25
10989.228,-1.000,0.218,0.000,90,2473,10
10991.224,-1.000,1.479,0.000,90,1596,9
10994.215,-1.000,0.219,0.000,90,2473,53
10996.212,-1.000,0.220,0.000,90,2473,55
11006.215,-1.000,1.450,0.000,90,1596,44
11021.207,-1.000,1.271,0.154,90,10112,16
11027.210,-1.000,1.392,0.000,90,5763,78
11028.202,-1.000,0.494,0.000,90,1644,61
11041.204,-1.000,1.361,0.120,90,5763,28
11050.222,-1.000,5.388,0.000,90,1754,18
11064.203,-1.000,1.411,0.000,90,311,4
11076.221,-1.000,0.250,0.000,90,1644,2
11081.215,-1.000,2.386,0.000,90,2473,19
11078.220,-1.000,5.588,0.000,90,1596,58
11088.205,-1.000,6.359,0.149,90,5763,14
11098.205,-1.000,0.278,0.000,90,1644,90
11117.195,-1.000,5.707,0.000,90,1754,7
11123.197,-1.000,0.249,0.000,90,1644,73
11128.196,-1.000,1.602,0.123,90,6083,42
11138.207,-1.000,0.249,0.000,90,1644,19
11144.193,-1.000,0.220,0.000,90,1644,87
11146.194,-1.000,1.358,0.000,90,311,52
11159.197,-1.000,5.077,0.054,90,5763,87
11173.193,-1.000,0.250,0.000,90,1644,21
11180.214,-1.000,0.219,0.000,90,1644,50
11183.195,-1.000,1.352,0.000,90,311,37
11185.218,-1.000,0.249,0.000,90,1923,57
11198.211,-1.000,0.249,0.000,90,1644,72
11203.206,-1.000,3.567,0.123,90,6083,63
11201.189,-1.000,6.202,0.298,90,10112,73
11215.197,-1.000,0.280,0.000,90,1644,58
11211.188,-1.000,5.899,0.000,90,1762,68
11219.194,-1.000,0.248,0.000,90,1644,74
11241.202,-1.000,0.219,0.000,90,1644,32
11266.187,-1.000,2.581,0.000,90,5763,58
11269.193,-1.000,1.330,0.000,90,5763,2
11263.187,-1.000,7.579,0.118,90,5763,54
11274.203,-1.000,0.250,0.000,90,1644,62
11286.197,-1.000,1.353,0.000,90,5763,74
11288.207,-1.000,1.292,0.000,90,311,18
11290.202,-1.000,0.887,0.000,90,2473,22
11290.202,-1.000,1.509,0.148,90,5763,67
11312.205,0.115,0.537,0.000,91,2473,93
11333.191,-1.000,1.356,0.000,91,5763,21
11337.200,-1.000,5.534,0.000,91,1772,68
11355.178,-1.000,0.251,0.000,91,1644,20
11357.179,-1.000,1.327,0.149,91,10112,35
11370.201,-1.000,1.322,0.000,91,311,26
11383.195,0.117,0.510,0.000,92,2473,94
11389.200,-1.000,0.220,0.000,92,1644,48
11390.189,-1.000,5.540,0.000,92,1784,67
11402.177,-1.000,5.107,0.150,92,5763,90
11409.177,-1.000,0.248,0.000,92,1644,6
11433.174,-1.000,0.222,0.000,92,2473,54
11446.189,-1.000,4.414,0.000,92,2473,36
11445.192,-1.000,5.618,0.000,92,1756,52
11474.177,-1.000,0.251,0.000,92,1644,56
11509.186,-1.000,0.221,0.000,92,1644,55
11511.187,-1.000,0.220,0.000,92,1923,87
11512.182,-1.000,1.380,0.000,92,5763,6
11530.185,0.110,0.534,0.000,93,2473,95
11540.188,-1.000,0.220,0.000,93,1938,89
11544.192,-1.000,1.445,0.094,93,6083,71
11549.168,-1.000,0.248,0.000,93,1644,74
11552.180,-1.000,1.235,0.148,93,10112,30
11560.186,-1.000,0.219,0.000,93,1644,87
11575.174,-1.000,1.469,0.095,93,6083,73
11585.177,-1.000,0.227,0.000,93,1644,42
11585.177,-1.000,1.481,0.094,93,6083,51
11602.161,-1.000,6.391,0.000,93,1762,78
11606.171,-1.000,3.009,0.145,93,10112,38
11601.160,-1.000,8.575,0.000,93,5763,74
11614.172,-1.000,0.250,0.000,92,1644,43
11621.164,-1.000,2.416,0.095,92,6083,3
11621.164,-1.000,2.766,0.000,92,2653,9
11635.164,-1.000,1.502,0.000,92,1596,51
11637.167,-1.000,1.349,0.119,92,5763,5
11649.171,0.108,0.534,0.000,93,2473,96
11659.172,-1.000,0.220,0.000,93,1644,57
11673.176,-1.000,0.219,0.000,93,1644,38
11730.176,-1.000,0.221,0.000,93,1923,64
11745.157,-1.000,1.412,0.052,93,6083,30
11768.148,-1.000,1.351,0.094,93,6083,16
11783.161,-1.000,0.250,0.000,93,1644,93
11788.163,-1.000,0.220,0.000,93,2473,79
11794.145,-1.000,1.264,0.150,93,10112,55
11803.163,-1.000,1.473,0.000,93,2655,34
11808.166,-1.000,0.248,0.000,93,2473,85
11811.168,-1.000,1.534,0.000,93,2655,67
11813.172,-1.000,5.210,0.000,94,1754,58
11818.163,0.109,0.558,0.000,94,2473,97
11821.144,-1.000,1.413,0.150,95,5763,61
11822.151,0.106,0.676,0.000,95,2473,98
11835.147,-1.000,0.218,0.000,95,1644,97
11850.143,-1.000,1.388,0.119,95,5763,42
11852.150,-1.000,0.251,0.000,95,1644,83
11857.148,-1.000,6.349,0.000,95,1760,60
11857.148,-1.000,10.674,0.000,95,1774,6
11893.146,0.114,1.112,0.000,96,2473,99
11893.146,-1.000,1.909,0.059,96,6083,55
11896.138,0.105,0.476,0.000,97,2473,100
11897.160,-1.000,1.297,0.000,97,311,44
11899.161,-1.000,5.493,0.000,97,1772,37
11904.164,-1.000,0.636,0.000,97,1644,54
11928.153,-1.000,0.221,0.000,97,1644,8
11930.155,-1.000,0.218,0.000,97,1644,100
11942.163,-1.000,0.220,0.000,97,1644,77
11945.148,-1.000,5.447,0.000,97,1756,5
11951.154,-1.000,1.362,0.000,97,311,58
11971.149,-1.000,0.249,0.000,97,1644,99
11976.143,-1.000,5.451,0.000,97,1760,11
11985.153,-1.000,1.383,0.149,97,5763,48
11988.158,-1.000,0.250,0.000,97,1644,28
12024.147,-1.000,0.250,0.000,97,1644,89
12020.155,-1.000,5.554,0.000,97,1778,81
12032.148,-1.000,2.725,0.158,97,10112,57
12031.144,-1.000,7.130,0.000,97,1596,30
12032.148,-1.000,6.690,0.266,97,10112,99
12061.140,-1.000,0.251,0.000,97,1644,47
12062.140,-1.000,1.536,0.000,97,2655,30
12082.150,-1.000,0.250,0.000,97,1644,27
12079.144,-1.000,5.588,0.000,97,1756,58
12086.124,-1.000,1.589,0.000,97,2654,59
12088.124,-1.000,0.249,0.000,97,1644,22
12092.148,-1.000,7.555,0.149,97,5763,20
12112.141,-1.000,1.767,0.000,97,2655,7
12122.134,-1.000,0.279,0.000,97,1644,86
12138.129,-1.000,0.280,0.000,97,2473,73
12137.127,-1.000,1.704,0.000,97,5763,8
12139.135,-1.000,1.504,0.000,97,2655,58
12141.139,-1.000,0.250,0.000,97,1644,33
12165.127,-1.000,1.560,0.000,97,1596,16
12168.137,-1.000,5.822,0.000,97,703,82
12177.137,-1.000,0.249,0.000,97,2473,90
12187.120,-1.000,1.381,0.000,97,5763,22
12193.122,-1.000,5.042,0.119,97,5763,84
12211.134,-1.000,5.643,0.000,97,1758,66
12234.130,-1.000,1.445,0.120,97,5763,62
12252.121,-1.000,0.249,0.000,97,1644,85
12260.123,-1.000,3.053,0.000,97,703,24
12257.121,-1.000,6.855,0.118,97,5763,89
12266.134,-1.000,1.388,0.094,97,6083,57
12288.126,-1.000,0.258,0.000,97,1644,96
12288.126,-1.000,0.375,0.000,97,1644,36
12292.126,-1.000,1.856,0.000,97,703,15
12295.120,-1.000,4.350,0.000,97,1644,41
12294.122,-1.000,7.143,0.000,97,1754,60
12297.111,-1.000,7.625,0.000,97,5763,96
12309.112,-1.000,0.249,0.000,97,1923,2
12328.112,-1.000,5.706,0.000,97,1762,48
12339.110,-1.000,1.444,0.145,97,5763,87
12393.114,-1.000,1.263,0.154,97,10112,72
12402.123,-1.000,1.532,0.000,97,1714,82
12410.106,-1.000,4.828,0.330,97,10112,86
12423.117,-1.000,0.250,0.000,97,2473,65
12435.113,-1.000,0.490,0.000,97,2473,1
12434.117,-1.000,1.369,0.172,97,5763,33
12435.113,-1.000,0.583,0.000,97,2473,2
12442.113,-1.000,0.220,0.000,97,1938,93
12461.121,-1.000,1.545,0.000,97,1596,55
12471.115,-1.000,5.364,0.000,97,1754,59
12482.108,-1.000,5.567,0.000,97,703,93
12488.112,-1.000,0.250,0.000,97,1644,88
12500.109,-1.000,1.385,0.119,97,5763,27
12504.103,-1.000,0.250,0.000,97,2473,42
12510.094,-1.000,1.353,0.119,97,5763,19
12523.108,-1.000,1.235,0.262,97,10112,41
12525.106,-1.000,1.362,0.000,97,311,70
12534.096,-1.000,7.042,0.000,97,1758,26
12544.105,-1.000,0.282,0.000,97,2320,10
12534.096,-1.000,10.737,0.146,97,5763,100
12573.096,-1.000,1.384,0.146,97,5763,29
12581.110,-1.000,1.511,0.000,97,1596,9
12594.108,-1.000,2.350,0.000,97,2473,57
12591.112,-1.000,5.554,0.000,97,1754,100
12635.085,-1.000,1.414,0.095,97,6043,35
12651.100,-1.000,0.249,0.000,97,1644,66
12656.110,-1.000,2.198,0.000,97,1596,63
12657.104,-1.000,1.797,0.123,97,6083,72
12660.110,-1.000,1.299,0.176,97,10112,56
12673.109,-1.000,0.251,0.000,97,1644,52
12676.101,-1.000,0.219,0.000,96,1644,79
12694.101,-1.000,5.037,0.120,96,5763,77
12711.102,-1.000,4.964,0.151,96,5763,88
12718.106,-1.000,0.250,0.000,96,1644,53
12730.095,-1.000,1.387,0.119,96,5763,36
12732.101,-1.000,1.303,0.149,96,5763,49
12735.087,-1.000,0.249,0.000,96,2473,96
12743.083,-1.000,5.650,0.263,96,10112,75
12742.089,-1.000,7.017,0.000,96,1768,22
12752.085,-1.000,1.360,0.119,96,5763,46
12758.097,-1.000,0.249,0.000,96,1644,98
12769.099,-1.000,1.472,0.000,96,1596,30
12807.073,-1.000,3.174,0.155,96,10112,53
12806.095,-1.000,4.762,0.000,96,703,4
12806.095,-1.000,8.200,0.148,96,5763,97
12824.079,-1.000,0.249,0.000,96,1644,96
12832.088,-1.000,2.327,0.000,96,1596,44
12833.086,-1.000,1.745,0.000,96,311,4
12841.072,-1.000,0.248,0.000,96,1644,2
12845.097,-1.000,0.221,0.000,96,1644,25
12874.075,-1.000,1.739,0.000,96,703,4
12887.068,-1.000,1.794,0.000,96,703,82
12893.084,-1.000,0.250,0.000,96,1923,20
12905.065,-1.000,5.218,0.000,96,1754,67
12914.091,-1.000,1.386,0.000,96,311,5
12971.061,-1.000,1.332,0.150,96,5763,66
12991.081,-1.000,1.329,0.120,96,5763,17
13003.084,-1.000,5.492,0.000,96,1772,19
13011.069,-1.000,0.250,0.000,96,2320,73
13017.083,-1.000,6.120,0.000,96,1774,18
13020.064,-1.000,8.712,0.000,96,1762,89
13018.078,-1.000,11.382,0.000,96,2655,81
13038.070,-1.000,0.250,0.000,96,1938,69
13045.064,-1.000,0.220,0.000,96,1923,14
13047.066,-1.000,0.218,0.000,96,1644,82
13060.064,-1.000,0.221,0.000,96,2473,68
13071.070,-1.000,1.417,0.000,96,311,9
13082.077,-1.000,0.248,0.000,96,1938,2
13086.067,-1.000,0.219,0.000,96,1644,66
13096.058,-1.000,9.824,0.121,96,5763,83
13114.061,-1.000,5.073,0.149,96,5763,85
13137.063,-1.000,0.279,0.000,96,1938,66
13149.062,-1.000,5.500,0.000,96,1596,44
13145.075,-1.000,11.032,0.000,96,1784,70
13157.053,-1.000,5.540,0.000,96,1756,61
13165.053,-1.000,1.412,0.000,96,311,93
13173.061,-1.000,1.446,0.093,96,6083,86
13187.065,-1.000,5.462,0.000,96,1754,40
13206.058,-1.000,1.237,0.000,96,311,31
13211.057,-1.000,0.247,0.000,96,1644,83
13215.055,-1.000,0.220,0.000,96,1644,10
13220.042,-1.000,0.279,0.000,96,2473,30
13219.047,-1.000,1.657,0.000,96,2655,59
13223.057,-1.000,0.250,0.000,96,2473,29
13237.051,-1.000,1.474,0.000,96,2655,44
13245.068,-1.000,1.328,0.146,96,5763,32
13250.059,-1.000,5.396,0.000,96,1754,6
13268.049,-1.000,0.249,0.000,96,1923,84
13291.059,-1.000,0.219,0.000,96,1644,29
13293.037,-1.000,0.220,0.000,96,1644,17
13298.062,-1.000,0.218,0.000,96,1644,68
13304.060,-1.000,1.558,0.000,96,2655,19
13317.050,-1.000,5.449,0.000,96,1596,86
13335.044,-1.000,5.560,0.000,96,1756,59
13345.038,-1.000,0.251,0.000,96,1644,33
13346.060,-1.000,1.356,0.000,96,1714,31
13363.036,-1.000,1.439,0.000,96,2653,59
13391.034,-1.000,1.298,0.000,96,1714,19
13403.033,-1.000,1.338,0.124,96,6083,39
13404.032,-1.000,1.560,0.124,96,6083,53
13409.038,-1.000,0.249,0.000,96,1644,42
13412.052,-1.000,0.220,0.000,96,1644,100
13419.032,-1.000,0.249,0.000,96,1644,2
13415.032,-1.000,6.862,0.129,96,5763,47
13415.032,-1.000,7.036,0.000,96,1596,72
13442.042,-1.000,1.831,0.000,96,703,93
13454.041,-1.000,0.250,0.000,96,1644,94
13456.040,-1.000,0.219,0.000,96,1644,87
13457.029,-1.000,0.219,0.000,96,2473,20
13465.026,-1.000,1.559,0.000,96,2655,78
13472.030,-1.000,1.502,0.000,96,2655,16
13478.038,-1.000,0.248,0.000,96,1644,90
13486.046,-1.000,5.262,0.000,96,1754,47
13502.048,-1.000,1.321,0.148,96,10112,68
13504.042,-1.000,1.355,0.052,96,5763,90
13508.046,-1.000,1.474,0.000,96,1596,23
13513.030,-1.000,1.560,0.000,96,2655,80
13532.046,-1.000,0.249,0.000,96,1644,1
13536.039,-1.000,0.226,0.000,96,1644,75
13536.039,-1.000,1.565,0.000,96,1596,34
13538.044,-1.000,1.503,0.000,96,2655,70
13555.034,-1.000,0.249,0.000,96,1938,42
13566.020,-1.000,1.297,0.000,96,1659,5
13571.042,-1.000,1.428,0.095,96,6083,41
13568.024,-1.000,6.999,0.000,96,1762,85
13578.021,-1.000,1.207,0.000,96,311,31
13624.036,-1.000,6.736,0.000,96,1756,13
13627.024,-1.000,4.104,0.000,96,2655,40
13651.019,-1.000,2.472,0.000,96,1644,3
13649.014,-1.000,5.309,0.119,96,5763,76
13660.015,-1.000,1.564,0.000,96,1596,35
13669.012,-1.000,0.251,0.000,96,2473,71
13684.020,-1.000,1.469,0.000,96,1596,9
13693.019,-1.000,1.383,0.000,96,5763,75
13696.011,-1.000,5.635,0.000,96,1768,88
13721.031,-1.000,5.498,0.000,96,1758,11
13743.006,-1.000,1.445,0.094,96,6083,56
13746.014,-1.000,0.248,0.000,96,1923,73
13770.014,-1.000,0.279,0.000,96,2473,64
13766.015,-1.000,5.619,0.000,96,1596,63
13787.022,-1.000,1.531,0.000,96,2654,63
13799.020,-1.000,0.250,0.000,96,1644,41
13812.020,-1.000,1.412,0.125,96,6083,99
13816.008,-1.000,1.322,0.119,96,5763,43
13818.000,-1.000,1.322,0.146,96,5763,100
13820.014,-1.000,0.219,0.000,96,1644,43
13841.026,-1.000,2.084,0.000,96,2653,18
13841.026,-1.000,2.619,0.148,96,10112,3
13845.002,-1.000,0.249,0.000,96,1644,92
13861.015,-1.000,0.220,0.000,96,1644,65
13871.002,-1.000,0.220,0.000,96,1938,91
13913.002,-1.000,2.115,0.000,96,311,26
13913.998,-1.000,1.767,0.000,96,2655,93
13918.999,-1.000,1.323,0.148,96,5763,2
13935.003,-1.000,0.250,0.000,96,1644,85
13957.014,-1.000,5.593,0.000,96,1768,2
13965.994,-1.000,0.249,0.000,96,1644,75
13967.991,-1.000,1.529,0.000,96,2656,34
13977.991,-1.000,1.330,0.000,96,1714,58
14028.995,-1.000,5.409,0.000,96,1774,81
14047.999,-1.000,1.917,0.000,96,703,66
14051.987,-1.000,0.262,0.000,96,2320,71
14056.993,-1.000,0.219,0.000,96,1923,90
14060.003,-1.000,1.295,0.146,96,10112,17
14062.008,-1.000,1.321,0.000,96,5763,85
14086.002,-1.000,2.525,0.000,96,2473,73
14083.007,-1.000,5.757,0.000,96,1596,55
14088.997,-1.000,1.439,0.075,96,6083,3
14089.990,-1.000,1.670,0.118,96,5763,84
14102.990,-1.000,2.252,0.000,96,1644,24
14135.982,-1.000,6.572,0.000,96,1596,44
14138.976,-1.000,7.952,0.000,96,1756,7
14147.993,-1.000,1.531,0.000,96,2655,67
14155.995,-1.000,1.500,0.000,96,2655,81
14180.985,-1.000,1.332,0.150,96,5763,50
14190.982,-1.000,0.248,0.000,96,1644,64
14196.973,-1.000,0.220,0.000,96,1644,97
14206.977,-1.000,0.250,0.000,96,2473,27
14205.000,-1.000,5.746,0.000,96,1596,86
14214.994,-1.000,1.559,0.000,96,2655,11
14217.976,-1.000,0.248,0.000,96,1644,71
14230.995,-1.000,1.900,0.000,96,703,42
14243.984,-1.000,0.250,0.000,96,2473,69
14247.969,-1.000,0.219,0.000,96,2473,36
14261.998,-1.000,1.260,0.147,96,10112,1
14272.977,-1.000,1.294,0.000,96,311,47
14280.983,-1.000,0.249,0.000,96,1938,65
14302.004,-1.000,1.886,0.000,96,703,65
14305.988,-1.000,1.236,0.169,96,10112,43
14334.973,-1.000,0.252,0.000,96,2473,21
14337.986,-1.000,0.219,0.000,96,1644,22
14348.965,-1.000,0.218,0.000,96,1644,69
14352.967,-1.000,1.335,0.150,96,5763,33
14353.964,-1.000,1.551,0.053,96,5763,22
14360.962,-1.000,1.304,0.130,96,10112,96
14371.977,-1.000,0.259,0.000,96,1644,90
14376.982,-1.000,0.222,0.000,96,2473,85
14378.987,-1.000,0.220,0.000,96,1644,36
14405.968,-1.000,5.567,0.000,96,1756,33
14458.970,-1.000,1.350,0.000,96,311,66
14483.952,-1.000,1.501,0.000,96,2655,65
14488.961,-1.000,0.250,0.000,96,1644,46
14499.964,-1.000,1.502,0.000,96,1596,16
14516.975,-1.000,5.120,0.151,96,5763,94
14524.968,-1.000,0.248,0.000,96,1938,64
14530.948,-1.000,0.858,0.000,96,1644,95
14530.948,-1.000,1.491,0.120,96,5763,25
14557.973,-1.000,5.469,0.000,96,1762,11
14588.955,-1.000,1.382,0.000,96,311,33
14602.943,-1.000,0.249,0.000,96,2320,73
14615.942,-1.000,1.400,0.104,96,5763,79
14633.940,-1.000,0.250,0.000,96,1644,20
14636.951,-1.000,1.507,0.000,96,2653,51
14642.948,-1.000,1.471,0.000,96,2655,19
14673.948,-1.000,1.327,0.149,96,5763,38
14711.958,-1.000,1.541,0.000,96,2654,42
14743.947,-1.000,0.255,0.000,96,1923,77
14743.947,-1.000,5.556,0.000,96,1762,78
14752.953,-1.000,0.249,0.000,96,2320,27
14757.944,-1.000,0.248,0.000,96,1644,21
14754.953,-1.000,5.646,0.000,96,1758,59
14763.943,-1.000,0.248,0.000,96,1923,73
14766.945,-1.000,1.376,0.148,96,5763,2
14773.931,-1.000,5.465,0.000,96,1772,18
14805.941,-1.000,0.280,0.000,96,1938,82
14808.952,-1.000,1.417,0.000,96,1714,42
14810.928,-1.000,0.250,0.000,96,2473,35
14817.928,-1.000,0.189,0.000,96,1644,35
14827.929,-1.000,1.392,0.119,96,5763,54
14851.953,-1.000,4.824,0.271,96,10112,92
14869.945,-1.000,1.385,0.123,96,6083,68
14872.935,-1.000,1.322,0.118,96,5763,20
14878.937,-1.000,1.326,0.118,96,5763,36
14890.927,-1.000,0.249,0.000,96,1644,70
14904.932,-1.000,0.221,0.000,96,1644,37
14910.949,-1.000,1.484,0.000,96,2654,55
14914.927,-1.000,0.250,0.000,96,2473,13
14919.921,-1.000,0.220,0.000,96,2473,47
14941.924,-1.000,1.945,0.000,96,1714,5
14941.924,-1.000,2.509,0.148,96,5763,87
14945.934,-1.000,1.328,0.000,96,311,89
14961.926,-1.000,0.227,0.000,96,1644,64
14964.945,-1.000,1.537,0.000,96,1596,51
14969.934,-1.000,0.250,0.000,96,1938,83
14968.941,-1.000,5.610,0.000,96,1754,8
14988.931,-1.000,0.252,0.000,96,1938,28
15001.917,-1.000,1.420,0.094,96,6083,17
15024.937,-1.000,1.445,0.000,96,1596,55
15023.915,-1.000,2.822,0.000,96,1596,68
15032.939,-1.000,0.249,0.000,96,1644,27
15031.937,-1.000,1.665,0.000,96,2655,9
15033.924,-1.000,0.253,0.000,96,2473,65
15033.924,-1.000,0.339,0.000,96,1644,73
15037.913,-1.000,1.499,0.000,96,2653,59
15069.926,-1.000,1.441,0.119,96,5763,75
15094.916,-1.000,1.380,0.122,96,6083,96
15105.924,-1.000,2.496,0.000,96,1596,34
15102.919,-1.000,6.137,0.146,96,5763,35
15108.926,-1.000,5.398,0.000,96,1754,79
15104.930,-1.000,14.856,0.000,96,1762,59
15125.904,-1.000,1.534,0.120,96,5763,71
15135.906,-1.000,6.071,0.000,96,1754,60
15135.906,-1.000,6.707,0.053,96,5763,79
15142.916,-1.000,0.256,0.000,96,1644,25
15146.909,-1.000,1.868,0.000,96,703,66
15142.916,-1.000,7.374,0.000,96,1596,99
15168.913,-1.000,5.118,0.120,96,5763,95
15184.929,-1.000,5.411,0.000,96,1756,89
15191.921,-1.000,0.259,0.000,96,1644,91
15181.925,-1.000,10.911,0.000,96,1778,50
15205.920,-1.000,0.280,0.000,96,1923,100
15217.915,-1.000,4.256,0.000,96,1938,97
15215.924,-1.000,6.455,0.000,96,1758,67
15216.918,-1.000,6.094,0.118,96,5763,24
15222.912,-1.000,0.291,0.000,96,1644,36
15224.924,-1.000,0.221,0.000,96,1644,56
15235.923,-1.000,5.445,0.000,96,1778,62
15245.922,-1.000,1.386,0.000,96,5763,25
15259.895,-1.000,2.087,0.000,96,311,58
15260.923,-1.000,1.688,0.000,96,2653,44
15258.898,-1.000,8.148,0.000,96,1756,54
15267.903,-1.000,1.530,0.000,96,1596,99
15288.901,-1.000,1.353,0.149,96,5763,29
15293.909,-1.000,1.531,0.000,96,2655,15
15295.912,-1.000,1.473,0.000,96,2656,78
15301.895,-1.000,5.151,0.000,96,1754,22
15312.913,-1.000,1.389,0.000,96,5763,36
15318.914,-1.000,1.265,0.000,96,1659,5
15321.895,-1.000,1.300,0.000,96,311,23
15327.917,-1.000,1.475,0.000,96,1596,39
15333.916,-1.000,0.251,0.000,96,1644,48
15342.904,-1.000,1.469,0.000,96,2647,5
15355.908,-1.000,5.320,0.000,96,1778,19
15392.893,-1.000,1.475,0.000,96,2655,34
15391.891,-1.000,7.002,0.000,96,1596,9
15404.896,-1.000,0.250,0.000,96,2473,40
15410.910,-1.000,1.541,0.000,96,1596,96
15418.886,-1.000,0.249,0.000,96,2473,14
15423.895,-1.000,1.500,0.000,96,2654,7
15457.907,-1.000,0.249,0.000,96,2473,75
15460.883,-1.000,0.220,0.000,96,1644,82
15470.898,-1.000,1.447,0.000,96,1596,63
15475.879,-1.000,0.226,0.000,96,1938,37
15475.879,-1.000,0.341,0.000,96,2473,97
15485.884,-1.000,5.305,0.000,96,1754,60
15491.898,-1.000,0.227,0.000,96,1644,37
15497.892,-1.000,1.388,0.118,96,5763,46
15501.884,-1.000,0.229,0.000,96,1644,30
15531.892,-1.000,0.257,0.000,96,2473,17
15532.892,-1.000,5.556,0.000,96,1768,7
15529.883,-1.000,10.951,0.000,96,1778,29
15542.885,-1.000,1.063,0.000,96,2473,46
15542.885,-1.000,1.689,0.000,96,2655,42
15554.896,-1.000,1.443,0.094,96,6083,92
15557.874,-1.000,1.352,0.092,96,6083,43
15567.895,-1.000,0.250,0.000,96,1644,38
15585.891,-1.000,5.422,0.000,96,1754,18
15596.882,-1.000,0.251,0.000,96,1644,57
15602.883,-1.000,1.532,0.000,96,1596,3
15606.877,-1.000,2.629,0.119,96,5763,41
15606.877,-1.000,3.002,0.000,96,703,93
15613.891,-1.000,1.535,0.000,96,2655,61
15629.877,-1.000,1.471,0.000,96,1596,23
15670.886,-1.000,0.249,0.000,96,1644,14
15697.867,-1.000,5.233,0.000,96,1754,79
15726.874,-1.000,1.526,0.000,96,2653,4
15728.870,-1.000,0.248,0.000,96,1644,28
15733.889,-1.000,5.438,0.000,96,1756,49
15742.866,-1.000,1.978,0.000,96,703,83
15758.869,-1.000,5.125,0.121,96,5763,98
15766.866,-1.000,0.248,0.000,96,1644,40
15769.859,-1.000,4.575,0.000,96,1644,77
15768.865,-1.000,5.776,0.000,96,1768,59
15779.869,-1.000,1.387,0.000,96,311,51
15785.865,-1.000,0.249,0.000,96,1644,49
15838.877,-1.000,0.220,0.000,96,1644,46
15848.861,-1.000,1.498,0.000,96,2655,16
15855.852,-1.000,1.232,0.148,96,10112,73
15865.877,-1.000,1.323,0.146,96,5763,30
15879.855,-1.000,0.249,0.000,96,1644,97
15893.871,-1.000,1.321,0.000,96,311,6
15902.873,-1.000,1.328,0.120,96,5763,57
15908.853,-1.000,1.776,0.000,96,703,42
15935.869,-1.000,5.409,0.000,96,1756,6
15941.873,-1.000,5.125,0.121,96,5763,91
15946.868,-1.000,1.351,0.000,96,1714,61
15931.859,-1.000,17.160,0.000,96,1762,95
15952.855,-1.000,0.249,0.000,96,2473,63
15969.847,-1.000,1.381,0.000,96,311,8
15977.865,-1.000,1.326,0.119,96,5763,27
15980.842,-1.000,0.249,0.000,96,1644,57
15991.866,-1.000,0.228,0.000,96,1644,71
15993.849,-1.000,0.218,0.000,96,1644,59
15998.851,-1.000,1.439,0.000,96,311,67
16008.846,-1.000,0.249,0.000,96,1644,79
