09:25:41 AM      eth0      5.00      5.00      0.42      0.59      0.00      0.00      2.00
09:25:42 AM      eth0    260.00    210.00     22.29    155.48      0.00      0.00      0.00
09:25:43 AM      eth0    319.00    258.00     28.08    243.83      0.00      0.00      0.00
09:25:44 AM      eth0    389.00    308.00     34.29    297.74      0.00      0.00      0.00
09:25:45 AM      eth0    583.00    475.00     51.35    497.06      0.00      0.00      0.00
09:25:46 AM      eth0    580.00    448.00     52.75    453.20      0.00      0.00      0.00
09:25:47 AM      eth0    715.00    584.00     64.50    593.60      0.00      0.00      0.00
09:25:48 AM      eth0    812.00    659.00     72.04    690.45      0.00      0.00      0.00
09:25:49 AM      eth0    964.00    759.00     87.67    800.48      0.00      0.00      0.00
09:25:50 AM      eth0   1097.00    891.00    100.46    948.97      0.00      0.00      0.00
09:25:51 AM      eth0   1168.00    953.00    107.53   1031.11      0.00      0.00      0.00
09:25:52 AM      eth0   1116.00    864.00    105.12    908.84      0.00      0.00      0.00
09:25:53 AM      eth0   1130.00    889.00    107.50    943.26      0.00      0.00      0.00
09:25:54 AM      eth0   1122.00    834.00    107.64    870.11      0.00      0.00      0.00
09:25:55 AM      eth0   1264.00   1006.00    119.21   1135.37      0.00      0.00      0.00
09:25:56 AM      eth0   1065.00    807.00    102.67    895.80      0.00      0.00      0.00
09:25:57 AM      eth0   1045.00    785.00     99.76    895.47      0.00      0.00      0.00
09:25:58 AM      eth0   1078.00    831.00    102.99    973.63      0.00      0.00      0.00
09:25:59 AM      eth0   1170.00    870.00    110.16   1002.35      0.00      0.00      0.00
09:26:00 AM      eth0    994.00    712.00     96.14    808.65      0.00      0.00      0.00
09:26:01 AM      eth0   1132.00    843.00    107.65    963.35      0.00      0.00      0.00
09:26:02 AM      eth0   1120.00    809.00    107.88    920.45      0.00      0.00      0.00
09:26:03 AM      eth0   1143.00    864.00    108.16   1005.01      0.00      0.00      0.00
09:26:04 AM      eth0   1129.00    828.00    109.46    941.92      0.00      0.00      0.00
09:26:05 AM      eth0   1115.00    774.00    108.72    872.22      0.00      0.00      0.00
09:26:06 AM      eth0   1030.00    746.00     97.74    849.40      0.00      0.00      0.00
09:26:07 AM      eth0    971.00    660.00     93.76    741.87      0.00      0.00      0.00
09:26:08 AM      eth0   1134.00    824.00    106.49    964.16      0.00      0.00      0.00
09:26:09 AM      eth0   1125.00    791.00    109.59    892.69      0.00      0.00      0.00
09:26:10 AM      eth0   1070.00    731.00    104.68    809.67      0.00      0.00      0.00
09:26:11 AM      eth0   1227.00    880.00    117.86   1023.58      0.00      0.00      0.00
09:26:12 AM      eth0   1108.00    778.00    107.62    874.72      0.00      0.00      0.00
09:26:13 AM      eth0   1261.00    919.00    119.73   1043.90      0.00      0.00      0.00
09:26:14 AM      eth0   1103.00    800.00    107.30    902.55      0.00      0.00      0.00
09:26:15 AM      eth0   1110.00    818.00    108.04    935.44      0.00      0.00      0.00
09:26:16 AM      eth0   1149.00    827.00    111.42    927.47      0.00      0.00      0.00
