10:41:41 AM      eth0      5.00      5.00      0.42      0.56      0.00      0.00      2.00
10:41:42 AM      eth0    260.00    209.00     22.29    155.42      0.00      0.00      0.00
10:41:43 AM      eth0    325.00    259.00     28.73    247.89      0.00      0.00      0.00
10:41:44 AM      eth0    388.00    306.00     34.22    297.71      0.00      0.00      0.00
10:41:45 AM      eth0    581.00    474.00     51.07    498.79      0.00      0.00      0.00
10:41:46 AM      eth0    590.00    453.00     53.71    457.38      0.00      0.00      0.00
10:41:47 AM      eth0    742.00    596.00     67.12    611.82      0.00      0.00      0.00
10:41:48 AM      eth0    829.00    669.00     73.23    720.70      0.00      0.00      0.00
10:41:49 AM      eth0    983.00    766.00     89.68    810.15      0.00      0.00      0.00
10:41:50 AM      eth0   1169.00    943.00    106.59   1024.08      0.00      0.00      0.00
10:41:51 AM      eth0   1133.00    902.00    105.10    972.15      0.00      0.00      0.00
10:41:52 AM      eth0   1248.00    989.00    115.73   1051.63      0.00      0.00      0.00
10:41:53 AM      eth0   1364.00   1084.00    126.25   1168.99      0.00      0.00      0.00
10:41:54 AM      eth0   1459.00   1107.00    137.71   1166.90      0.00      0.00      0.00
10:41:55 AM      eth0   1635.00   1325.00    149.28   1500.71      0.00      0.00      0.00
10:41:56 AM      eth0   1632.00   1298.00    153.11   1389.42      0.00      0.00      0.00
10:41:57 AM      eth0   1733.00   1386.00    161.93   1460.82      0.00      0.00      0.00
10:41:58 AM      eth0   1991.00   1597.00    184.00   1757.33      0.00      0.00      0.00
10:41:59 AM      eth0   2023.00   1669.00    188.70   1767.23      0.00      0.00      0.00
10:42:00 AM      eth0   1920.00   1537.00    181.56   1612.27      0.00      0.00      0.00
10:42:01 AM      eth0   2212.00   1809.00    209.15   1895.35      0.00      0.00      0.00
10:42:02 AM      eth0   2185.00   1821.00    206.02   1871.54      0.00      0.00      0.00
10:42:03 AM      eth0   2259.00   1857.00    211.35   1948.01      0.00      0.00      0.00
10:42:04 AM      eth0   2251.00   1907.00    214.50   1915.08      0.00      0.00      0.00
10:42:05 AM      eth0   2162.00   1859.00    204.92   1846.26      0.00      0.00      0.00
10:42:06 AM      eth0   2251.00   1969.00    211.90   1918.47      0.00      0.00      0.00
10:42:07 AM      eth0   2250.00   2010.00    214.55   1848.17      0.00      0.00      0.00
10:42:08 AM      eth0   2131.00   1941.00    203.82   1727.94      0.00      0.00      0.00
10:42:09 AM      eth0   2388.00   2217.00    225.50   2045.29      0.00      0.00      0.00
10:42:10 AM      eth0   2458.00   2230.00    239.13   1846.83      0.00      0.00      0.00
10:42:11 AM      eth0   2395.00   2158.00    231.40   1828.49      0.00      0.00      0.00
10:42:12 AM      eth0   2400.00   2150.00    238.83   1747.79      0.00      0.00      0.00
10:42:13 AM      eth0   2637.00   2327.00    261.48   1940.24      0.00      0.00      0.00
10:42:14 AM      eth0   2524.00   2185.00    249.95   1820.89      0.00      0.00      0.00
10:42:15 AM      eth0   2608.00   2246.00    262.53   1878.01      0.00      0.00      0.00
10:42:16 AM      eth0   2503.00   2150.00    251.76   1772.11      0.00      0.00      0.00
